-4.394499999999997714e-02 7.611497273861431156e-02 -4.394500000000003959e-02 -7.611497273861429769e-02
-4.394500000000003959e-02 -7.611497273861429769e-02 -4.394500000000003959e-02 -7.611497273861429769e-02
-4.394499999999997714e-02 7.611497273861431156e-02 7.724652099999998987e-03 0.000000000000000000e+00
-4.394499999999997714e-02 7.611497273861431156e-02 -4.394500000000003959e-02 -7.611497273861429769e-02
-4.394500000000003959e-02 -7.611497273861429769e-02 -4.394499999999997714e-02 7.611497273861431156e-02
-4.394499999999997714e-02 7.611497273861431156e-02 -4.394500000000003959e-02 -7.611497273861429769e-02
-4.394500000000003959e-02 -7.611497273861429769e-02 -4.394499999999997714e-02 7.611497273861431156e-02
-4.394499999999997714e-02 7.611497273861431156e-02 -4.394500000000003959e-02 -7.611497273861429769e-02
-4.394500000000003959e-02 -7.611497273861429769e-02 -4.394499999999997714e-02 7.611497273861431156e-02
-4.394500000000003959e-02 -7.611497273861429769e-02 -4.394499999999997714e-02 7.611497273861431156e-02
-4.394499999999997714e-02 7.611497273861431156e-02 -4.394500000000003959e-02 -7.611497273861429769e-02
-4.394500000000003959e-02 -7.611497273861429769e-02 -4.394499999999997714e-02 7.611497273861431156e-02
-4.394500000000003959e-02 -7.611497273861429769e-02 -4.394499999999997714e-02 7.611497273861431156e-02
8.788999999999999591e-02 0.000000000000000000e+00 -4.394500000000003959e-02 -7.611497273861429769e-02
8.788999999999999591e-02 0.000000000000000000e+00 -4.394499999999997714e-02 7.611497273861431156e-02
-4.394499999999997714e-02 7.611497273861431156e-02 -4.394500000000003959e-02 -7.611497273861429769e-02
-4.394500000000003959e-02 -7.611497273861429769e-02 -4.394499999999997714e-02 7.611497273861431156e-02
8.788999999999999591e-02 0.000000000000000000e+00 -4.394499999999997714e-02 7.611497273861431156e-02
-4.394500000000003959e-02 -7.611497273861429769e-02 -4.394499999999997714e-02 7.611497273861431156e-02
8.788999999999999591e-02 0.000000000000000000e+00 -4.394500000000003959e-02 -7.611497273861429769e-02
8.788999999999999591e-02 0.000000000000000000e+00 -4.394499999999997714e-02 7.611497273861431156e-02
8.788999999999999591e-02 0.000000000000000000e+00 -4.394500000000003959e-02 -7.611497273861429769e-02
-4.394499999999997714e-02 7.611497273861431156e-02 8.788999999999999591e-02 0.000000000000000000e+00
-4.394500000000003959e-02 -7.611497273861429769e-02 8.788999999999999591e-02 0.000000000000000000e+00
-4.394499999999997714e-02 7.611497273861431156e-02 8.788999999999999591e-02 0.000000000000000000e+00
-4.394500000000003959e-02 -7.611497273861429769e-02 -4.394499999999997714e-02 7.611497273861431156e-02
-4.394499999999997714e-02 7.611497273861431156e-02 -4.394500000000003959e-02 -7.611497273861429769e-02
-4.394500000000003959e-02 -7.611497273861429769e-02 -4.394499999999997714e-02 7.611497273861431156e-02
-4.394499999999997714e-02 7.611497273861431156e-02 -4.394500000000003959e-02 -7.611497273861429769e-02
-4.394499999999997714e-02 7.611497273861431156e-02 -4.394500000000003959e-02 -7.611497273861429769e-02
8.788999999999999591e-02 0.000000000000000000e+00 -4.394500000000003959e-02 -7.611497273861429769e-02
8.788999999999999591e-02 0.000000000000000000e+00 -4.394500000000003959e-02 -7.611497273861429769e-02
8.788999999999999591e-02 0.000000000000000000e+00 -4.394499999999997714e-02 7.611497273861431156e-02
8.788999999999999591e-02 0.000000000000000000e+00 -4.394500000000003959e-02 -7.611497273861429769e-02
-4.394499999999997714e-02 7.611497273861431156e-02 8.788999999999999591e-02 0.000000000000000000e+00
-4.394500000000003959e-02 -7.611497273861429769e-02 8.788999999999999591e-02 0.000000000000000000e+00
-4.394500000000003959e-02 -7.611497273861429769e-02 8.788999999999999591e-02 0.000000000000000000e+00
8.788999999999999591e-02 0.000000000000000000e+00 -4.394499999999997714e-02 7.611497273861431156e-02
-4.394500000000003959e-02 -7.611497273861429769e-02 -4.394499999999997714e-02 7.611497273861431156e-02
-4.394500000000003959e-02 -7.611497273861429769e-02 -4.394499999999997714e-02 7.611497273861431156e-02
-4.394499999999997714e-02 7.611497273861431156e-02 -4.394500000000003959e-02 -7.611497273861429769e-02
-4.394500000000003959e-02 -7.611497273861429769e-02 -4.394499999999997714e-02 7.611497273861431156e-02
-4.394500000000003959e-02 -7.611497273861429769e-02 7.724652099999998987e-03 0.000000000000000000e+00
-4.394500000000003959e-02 -7.611497273861429769e-02 8.788999999999999591e-02 0.000000000000000000e+00
-4.394499999999997714e-02 7.611497273861431156e-02 8.788999999999999591e-02 0.000000000000000000e+00
-4.394499999999997714e-02 7.611497273861431156e-02 7.724652099999998987e-03 0.000000000000000000e+00
-4.394500000000003959e-02 -7.611497273861429769e-02 -4.394499999999997714e-02 7.611497273861431156e-02
-4.394499999999997714e-02 7.611497273861431156e-02 8.788999999999999591e-02 0.000000000000000000e+00
-4.394500000000003959e-02 -7.611497273861429769e-02 8.788999999999999591e-02 0.000000000000000000e+00
-4.394500000000003959e-02 -7.611497273861429769e-02 -4.394499999999997714e-02 7.611497273861431156e-02
-4.394499999999997714e-02 7.611497273861431156e-02 -4.394500000000003959e-02 -7.611497273861429769e-02
-4.394499999999997714e-02 7.611497273861431156e-02 -4.394500000000003959e-02 -7.611497273861429769e-02
8.788999999999999591e-02 0.000000000000000000e+00 -4.394499999999997714e-02 7.611497273861431156e-02
8.788999999999999591e-02 0.000000000000000000e+00 -4.394500000000003959e-02 -7.611497273861429769e-02
8.788999999999999591e-02 0.000000000000000000e+00 -4.394499999999997714e-02 7.611497273861431156e-02
-4.394500000000003959e-02 -7.611497273861429769e-02 -4.394499999999997714e-02 7.611497273861431156e-02
-4.394499999999997714e-02 7.611497273861431156e-02 -4.394500000000003959e-02 -7.611497273861429769e-02
-4.394500000000003959e-02 -7.611497273861429769e-02 -4.394499999999997714e-02 7.611497273861431156e-02
-4.394499999999997714e-02 7.611497273861431156e-02 -4.394500000000003959e-02 -7.611497273861429769e-02
8.788999999999999591e-02 0.000000000000000000e+00 -4.394500000000003959e-02 -7.611497273861429769e-02
8.788999999999999591e-02 0.000000000000000000e+00 -4.394500000000003959e-02 -7.611497273861429769e-02
8.788999999999999591e-02 0.000000000000000000e+00 -4.394500000000003959e-02 -7.611497273861429769e-02
-4.394499999999997714e-02 7.611497273861431156e-02 -4.394500000000003959e-02 -7.611497273861429769e-02
-4.394499999999997714e-02 7.611497273861431156e-02 8.788999999999999591e-02 0.000000000000000000e+00
-4.394500000000003959e-02 -7.611497273861429769e-02 8.788999999999999591e-02 0.000000000000000000e+00
-4.394499999999997714e-02 7.611497273861431156e-02 8.788999999999999591e-02 0.000000000000000000e+00
-4.394500000000003959e-02 -7.611497273861429769e-02 8.788999999999999591e-02 0.000000000000000000e+00
-4.394500000000003959e-02 -7.611497273861429769e-02 -4.394499999999997714e-02 7.611497273861431156e-02
8.788999999999999591e-02 0.000000000000000000e+00 -4.394499999999997714e-02 7.611497273861431156e-02
8.788999999999999591e-02 0.000000000000000000e+00 -4.394499999999997714e-02 7.611497273861431156e-02
-4.394499999999997714e-02 7.611497273861431156e-02 -4.394500000000003959e-02 -7.611497273861429769e-02
-4.394500000000003959e-02 -7.611497273861429769e-02 -4.394499999999997714e-02 7.611497273861431156e-02
-4.394500000000003959e-02 -7.611497273861429769e-02 8.788999999999999591e-02 0.000000000000000000e+00
-4.394500000000003959e-02 -7.611497273861429769e-02 8.788999999999999591e-02 0.000000000000000000e+00
-4.394499999999997714e-02 7.611497273861431156e-02 8.788999999999999591e-02 0.000000000000000000e+00
-4.394499999999997714e-02 7.611497273861431156e-02 8.788999999999999591e-02 0.000000000000000000e+00
8.788999999999999591e-02 0.000000000000000000e+00 -4.394499999999997714e-02 7.611497273861431156e-02
8.788999999999999591e-02 0.000000000000000000e+00 -4.394500000000003959e-02 -7.611497273861429769e-02
8.788999999999999591e-02 0.000000000000000000e+00 -4.394499999999997714e-02 7.611497273861431156e-02
8.788999999999999591e-02 0.000000000000000000e+00 -4.394499999999997714e-02 7.611497273861431156e-02
-4.394499999999997714e-02 7.611497273861431156e-02 -4.394500000000003959e-02 -7.611497273861429769e-02
-4.394499999999997714e-02 7.611497273861431156e-02 -3.862326050000003397e-03 -6.689744953996810441e-03
-4.394500000000003959e-02 -7.611497273861429769e-02 -4.394499999999997714e-02 7.611497273861431156e-02
7.724652099999998987e-03 0.000000000000000000e+00 -4.394500000000003959e-02 -7.611497273861429769e-02
8.788999999999999591e-02 0.000000000000000000e+00 -4.394500000000003959e-02 -7.611497273861429769e-02
8.788999999999999591e-02 0.000000000000000000e+00 -4.394499999999997714e-02 7.611497273861431156e-02
8.788999999999999591e-02 0.000000000000000000e+00 -4.394499999999997714e-02 7.611497273861431156e-02
7.724652099999998987e-03 0.000000000000000000e+00 -4.394500000000003959e-02 -7.611497273861429769e-02
8.788999999999999591e-02 0.000000000000000000e+00 -4.394500000000003959e-02 -7.611497273861429769e-02
8.788999999999999591e-02 0.000000000000000000e+00 -4.394500000000003959e-02 -7.611497273861429769e-02
-4.394499999999997714e-02 7.611497273861431156e-02 -4.394500000000003959e-02 -7.611497273861429769e-02
-4.394499999999997714e-02 7.611497273861431156e-02 -4.394500000000003959e-02 -7.611497273861429769e-02
-4.394499999999997714e-02 7.611497273861431156e-02 -4.394500000000003959e-02 -7.611497273861429769e-02
-4.394499999999997714e-02 7.611497273861431156e-02 7.724652099999998987e-03 0.000000000000000000e+00
-4.394499999999997714e-02 7.611497273861431156e-02 -4.394500000000003959e-02 -7.611497273861429769e-02
-4.394500000000003959e-02 -7.611497273861429769e-02 -4.394499999999997714e-02 7.611497273861431156e-02
-4.394500000000003959e-02 -7.611497273861429769e-02 -4.394499999999997714e-02 7.611497273861431156e-02
-4.394500000000003959e-02 -7.611497273861429769e-02 -4.394499999999997714e-02 7.611497273861431156e-02
-4.394499999999997714e-02 7.611497273861431156e-02 8.788999999999999591e-02 0.000000000000000000e+00
-4.394499999999997714e-02 7.611497273861431156e-02 8.788999999999999591e-02 0.000000000000000000e+00
-4.394499999999997714e-02 7.611497273861431156e-02 -4.394500000000003959e-02 -7.611497273861429769e-02
-4.394500000000003959e-02 -7.611497273861429769e-02 8.788999999999999591e-02 0.000000000000000000e+00
-4.394500000000003959e-02 -7.611497273861429769e-02 8.788999999999999591e-02 0.000000000000000000e+00
-4.394500000000003959e-02 -7.611497273861429769e-02 -4.394499999999997714e-02 7.611497273861431156e-02
-4.394499999999997714e-02 7.611497273861431156e-02 -4.394500000000003959e-02 -7.611497273861429769e-02
-4.394500000000003959e-02 -7.611497273861429769e-02 -4.394499999999997714e-02 7.611497273861431156e-02
-4.394500000000003959e-02 -7.611497273861429769e-02 -4.394499999999997714e-02 7.611497273861431156e-02
-4.394499999999997714e-02 7.611497273861431156e-02 -4.394500000000003959e-02 -7.611497273861429769e-02
-4.394500000000003959e-02 -7.611497273861429769e-02 -4.394499999999997714e-02 7.611497273861431156e-02
7.724652099999998987e-03 0.000000000000000000e+00 -4.394499999999997714e-02 7.611497273861431156e-02
-4.394499999999997714e-02 7.611497273861431156e-02 -4.394500000000003959e-02 -7.611497273861429769e-02
-4.394500000000003959e-02 -7.611497273861429769e-02 -4.394499999999997714e-02 7.611497273861431156e-02
-4.394499999999997714e-02 7.611497273861431156e-02 8.788999999999999591e-02 0.000000000000000000e+00
-4.394500000000003959e-02 -7.611497273861429769e-02 -4.394500000000003959e-02 -7.611497273861429769e-02
-4.394500000000003959e-02 -7.611497273861429769e-02 -4.394499999999997714e-02 7.611497273861431156e-02
8.788999999999999591e-02 0.000000000000000000e+00 -4.394499999999997714e-02 7.611497273861431156e-02
8.788999999999999591e-02 0.000000000000000000e+00 -4.394499999999997714e-02 7.611497273861431156e-02
8.788999999999999591e-02 0.000000000000000000e+00 -4.394500000000003959e-02 -7.611497273861429769e-02
8.788999999999999591e-02 0.000000000000000000e+00 -4.394500000000003959e-02 -7.611497273861429769e-02
-4.394499999999997714e-02 7.611497273861431156e-02 -4.394500000000003959e-02 -7.611497273861429769e-02
-4.394499999999997714e-02 7.611497273861431156e-02 -4.394500000000003959e-02 -7.611497273861429769e-02
-4.394499999999997714e-02 7.611497273861431156e-02 -4.394500000000003959e-02 -7.611497273861429769e-02
-4.394499999999997714e-02 7.611497273861431156e-02 -4.394500000000003959e-02 -7.611497273861429769e-02
-4.394499999999997714e-02 7.611497273861431156e-02 -4.394500000000003959e-02 -7.611497273861429769e-02
-4.394499999999997714e-02 7.611497273861431156e-02 -4.394500000000003959e-02 -7.611497273861429769e-02
8.788999999999999591e-02 0.000000000000000000e+00 -4.394499999999997714e-02 7.611497273861431156e-02
-4.394499999999997714e-02 7.611497273861431156e-02 -4.394500000000003959e-02 -7.611497273861429769e-02
-4.394500000000003959e-02 -7.611497273861429769e-02 -4.394499999999997714e-02 7.611497273861431156e-02
-4.394499999999997714e-02 7.611497273861431156e-02 -4.394500000000003959e-02 -7.611497273861429769e-02
-4.394499999999997714e-02 7.611497273861431156e-02 -4.394499999999997714e-02 7.611497273861431156e-02
-4.394499999999997714e-02 7.611497273861431156e-02 8.788999999999999591e-02 0.000000000000000000e+00
8.788999999999999591e-02 0.000000000000000000e+00 -4.394500000000003959e-02 -7.611497273861429769e-02
8.788999999999999591e-02 0.000000000000000000e+00 -4.394500000000003959e-02 -7.611497273861429769e-02
-4.394500000000003959e-02 -7.611497273861429769e-02 -4.394499999999997714e-02 7.611497273861431156e-02
-4.394499999999997714e-02 7.611497273861431156e-02 -4.394500000000003959e-02 -7.611497273861429769e-02
-4.394499999999997714e-02 7.611497273861431156e-02 -4.394499999999997714e-02 7.611497273861431156e-02
-4.394500000000003959e-02 -7.611497273861429769e-02 -4.394499999999997714e-02 7.611497273861431156e-02
-4.394499999999997714e-02 7.611497273861431156e-02 -4.394500000000003959e-02 -7.611497273861429769e-02
-4.394500000000003959e-02 -7.611497273861429769e-02 -4.394499999999997714e-02 7.611497273861431156e-02
-4.394500000000003959e-02 -7.611497273861429769e-02 -4.394499999999997714e-02 7.611497273861431156e-02
-4.394499999999997714e-02 7.611497273861431156e-02 8.788999999999999591e-02 0.000000000000000000e+00
8.788999999999999591e-02 0.000000000000000000e+00 -4.394500000000003959e-02 -7.611497273861429769e-02
-4.394500000000003959e-02 -7.611497273861429769e-02 8.788999999999999591e-02 0.000000000000000000e+00
-4.394499999999997714e-02 7.611497273861431156e-02 8.788999999999999591e-02 0.000000000000000000e+00
-4.394500000000003959e-02 -7.611497273861429769e-02 8.788999999999999591e-02 0.000000000000000000e+00
-4.394500000000003959e-02 -7.611497273861429769e-02 -4.394499999999997714e-02 7.611497273861431156e-02
-4.394499999999997714e-02 7.611497273861431156e-02 8.788999999999999591e-02 0.000000000000000000e+00
-4.394499999999997714e-02 7.611497273861431156e-02 8.788999999999999591e-02 0.000000000000000000e+00
-4.394500000000003959e-02 -7.611497273861429769e-02 8.788999999999999591e-02 0.000000000000000000e+00
-4.394499999999997714e-02 7.611497273861431156e-02 -4.394500000000003959e-02 -7.611497273861429769e-02
-4.394499999999997714e-02 7.611497273861431156e-02 -4.394500000000003959e-02 -7.611497273861429769e-02
-4.394499999999997714e-02 7.611497273861431156e-02 -4.394500000000003959e-02 -7.611497273861429769e-02
-4.394499999999997714e-02 7.611497273861431156e-02 -4.394500000000003959e-02 -7.611497273861429769e-02
-4.394499999999997714e-02 7.611497273861431156e-02 -4.394500000000003959e-02 -7.611497273861429769e-02
-4.394500000000003959e-02 -7.611497273861429769e-02 -4.394499999999997714e-02 7.611497273861431156e-02
-4.394499999999997714e-02 7.611497273861431156e-02 -4.394499999999997714e-02 7.611497273861431156e-02
-4.394499999999997714e-02 7.611497273861431156e-02 -4.394500000000003959e-02 -7.611497273861429769e-02
-4.394500000000003959e-02 -7.611497273861429769e-02 -4.394499999999997714e-02 7.611497273861431156e-02
-4.394499999999997714e-02 7.611497273861431156e-02 -4.394500000000003959e-02 -7.611497273861429769e-02
-4.394499999999997714e-02 7.611497273861431156e-02 -4.394500000000003959e-02 -7.611497273861429769e-02
-4.394499999999997714e-02 7.611497273861431156e-02 8.788999999999999591e-02 0.000000000000000000e+00
-4.394499999999997714e-02 7.611497273861431156e-02 -4.394500000000003959e-02 -7.611497273861429769e-02
-4.394499999999997714e-02 7.611497273861431156e-02 -4.394500000000003959e-02 -7.611497273861429769e-02
-4.394500000000003959e-02 -7.611497273861429769e-02 8.788999999999999591e-02 0.000000000000000000e+00
-4.394499999999997714e-02 7.611497273861431156e-02 8.788999999999999591e-02 0.000000000000000000e+00
8.788999999999999591e-02 0.000000000000000000e+00 -4.394499999999997714e-02 7.611497273861431156e-02
-4.394500000000003959e-02 -7.611497273861429769e-02 -4.394499999999997714e-02 7.611497273861431156e-02
-4.394499999999997714e-02 7.611497273861431156e-02 -4.394500000000003959e-02 -7.611497273861429769e-02
-4.394500000000003959e-02 -7.611497273861429769e-02 8.788999999999999591e-02 0.000000000000000000e+00
-4.394500000000003959e-02 -7.611497273861429769e-02 8.788999999999999591e-02 0.000000000000000000e+00
-4.394500000000003959e-02 -7.611497273861429769e-02 8.788999999999999591e-02 0.000000000000000000e+00
8.788999999999999591e-02 0.000000000000000000e+00 -4.394500000000003959e-02 -7.611497273861429769e-02
-4.394499999999997714e-02 7.611497273861431156e-02 8.788999999999999591e-02 0.000000000000000000e+00
-4.394500000000003959e-02 -7.611497273861429769e-02 8.788999999999999591e-02 0.000000000000000000e+00
-4.394500000000003959e-02 -7.611497273861429769e-02 -4.394499999999997714e-02 7.611497273861431156e-02
-4.394499999999997714e-02 7.611497273861431156e-02 -4.394500000000003959e-02 -7.611497273861429769e-02
-4.394499999999997714e-02 7.611497273861431156e-02 -4.394500000000003959e-02 -7.611497273861429769e-02
-4.394500000000003959e-02 -7.611497273861429769e-02 -4.394499999999997714e-02 7.611497273861431156e-02
-4.394500000000003959e-02 -7.611497273861429769e-02 -4.394499999999997714e-02 7.611497273861431156e-02
-4.394499999999997714e-02 7.611497273861431156e-02 -4.394500000000003959e-02 -7.611497273861429769e-02
-4.394499999999997714e-02 7.611497273861431156e-02 8.788999999999999591e-02 0.000000000000000000e+00
-4.394499999999997714e-02 7.611497273861431156e-02 -4.394500000000003959e-02 -7.611497273861429769e-02
8.788999999999999591e-02 0.000000000000000000e+00 -4.394500000000003959e-02 -7.611497273861429769e-02
8.788999999999999591e-02 0.000000000000000000e+00 -4.394500000000003959e-02 -7.611497273861429769e-02
8.788999999999999591e-02 0.000000000000000000e+00 -4.394499999999997714e-02 7.611497273861431156e-02
8.788999999999999591e-02 0.000000000000000000e+00 -4.394499999999997714e-02 7.611497273861431156e-02
8.788999999999999591e-02 0.000000000000000000e+00 8.788999999999999591e-02 0.000000000000000000e+00
-4.394499999999997714e-02 7.611497273861431156e-02 8.788999999999999591e-02 0.000000000000000000e+00
-4.394500000000003959e-02 -7.611497273861429769e-02 8.788999999999999591e-02 0.000000000000000000e+00
8.788999999999999591e-02 0.000000000000000000e+00 -4.394499999999997714e-02 7.611497273861431156e-02
-4.394499999999997714e-02 7.611497273861431156e-02 -4.394500000000003959e-02 -7.611497273861429769e-02
-4.394500000000003959e-02 -7.611497273861429769e-02 -4.394499999999997714e-02 7.611497273861431156e-02
8.788999999999999591e-02 0.000000000000000000e+00 -4.394500000000003959e-02 -7.611497273861429769e-02
8.788999999999999591e-02 0.000000000000000000e+00 -4.394500000000003959e-02 -7.611497273861429769e-02
-4.394500000000003959e-02 -7.611497273861429769e-02 8.788999999999999591e-02 0.000000000000000000e+00
8.788999999999999591e-02 0.000000000000000000e+00 -4.394499999999997714e-02 7.611497273861431156e-02
-4.394499999999997714e-02 7.611497273861431156e-02 8.788999999999999591e-02 0.000000000000000000e+00
-4.394499999999997714e-02 7.611497273861431156e-02 8.788999999999999591e-02 0.000000000000000000e+00
8.788999999999999591e-02 0.000000000000000000e+00 -4.394500000000003959e-02 -7.611497273861429769e-02
-4.394500000000003959e-02 -7.611497273861429769e-02 8.788999999999999591e-02 0.000000000000000000e+00
-4.394500000000003959e-02 -7.611497273861429769e-02 -4.394499999999997714e-02 7.611497273861431156e-02
-4.394500000000003959e-02 -7.611497273861429769e-02 -4.394499999999997714e-02 7.611497273861431156e-02
-4.394499999999997714e-02 7.611497273861431156e-02 -4.394500000000003959e-02 -7.611497273861429769e-02
-4.394500000000003959e-02 -7.611497273861429769e-02 8.788999999999999591e-02 0.000000000000000000e+00
-4.394500000000003959e-02 -7.611497273861429769e-02 -4.394499999999997714e-02 7.611497273861431156e-02
-4.394499999999997714e-02 7.611497273861431156e-02 -4.394500000000003959e-02 -7.611497273861429769e-02
-4.394499999999997714e-02 7.611497273861431156e-02 -4.394500000000003959e-02 -7.611497273861429769e-02
-4.394499999999997714e-02 7.611497273861431156e-02 -4.394500000000003959e-02 -7.611497273861429769e-02
-4.394500000000003959e-02 -7.611497273861429769e-02 -4.394499999999997714e-02 7.611497273861431156e-02
-4.394499999999997714e-02 7.611497273861431156e-02 7.724652099999998987e-03 0.000000000000000000e+00
-4.394500000000003959e-02 -7.611497273861429769e-02 -4.394499999999997714e-02 7.611497273861431156e-02
-4.394500000000003959e-02 -7.611497273861429769e-02 -4.394500000000003959e-02 -7.611497273861429769e-02
-4.394500000000003959e-02 -7.611497273861429769e-02 -4.394499999999997714e-02 7.611497273861431156e-02
7.724652099999998987e-03 0.000000000000000000e+00 -4.394500000000003959e-02 -7.611497273861429769e-02
-4.394499999999997714e-02 7.611497273861431156e-02 8.788999999999999591e-02 0.000000000000000000e+00
-4.394500000000003959e-02 -7.611497273861429769e-02 8.788999999999999591e-02 0.000000000000000000e+00
-4.394499999999997714e-02 7.611497273861431156e-02 8.788999999999999591e-02 0.000000000000000000e+00
8.788999999999999591e-02 0.000000000000000000e+00 -4.394499999999997714e-02 7.611497273861431156e-02
-4.394500000000003959e-02 -7.611497273861429769e-02 -4.394499999999997714e-02 7.611497273861431156e-02
-4.394499999999997714e-02 7.611497273861431156e-02 8.788999999999999591e-02 0.000000000000000000e+00
-3.862326050000003397e-03 -6.689744953996810441e-03 8.788999999999999591e-02 0.000000000000000000e+00
-4.394500000000003959e-02 -7.611497273861429769e-02 8.788999999999999591e-02 0.000000000000000000e+00
-4.394500000000003959e-02 -7.611497273861429769e-02 8.788999999999999591e-02 0.000000000000000000e+00
-4.394499999999997714e-02 7.611497273861431156e-02 -4.394500000000003959e-02 -7.611497273861429769e-02
-4.394500000000003959e-02 -7.611497273861429769e-02 -4.394499999999997714e-02 7.611497273861431156e-02
-4.394499999999997714e-02 7.611497273861431156e-02 8.788999999999999591e-02 0.000000000000000000e+00
-4.394500000000003959e-02 -7.611497273861429769e-02 8.788999999999999591e-02 0.000000000000000000e+00
8.788999999999999591e-02 0.000000000000000000e+00 -4.394499999999997714e-02 7.611497273861431156e-02
-4.394499999999997714e-02 7.611497273861431156e-02 -4.394500000000003959e-02 -7.611497273861429769e-02
-4.394500000000003959e-02 -7.611497273861429769e-02 -4.394499999999997714e-02 7.611497273861431156e-02
-4.394500000000003959e-02 -7.611497273861429769e-02 -4.394499999999997714e-02 7.611497273861431156e-02
8.788999999999999591e-02 0.000000000000000000e+00 -3.862326050000003397e-03 -6.689744953996810441e-03
8.788999999999999591e-02 0.000000000000000000e+00 -4.394500000000003959e-02 -7.611497273861429769e-02
8.788999999999999591e-02 0.000000000000000000e+00 -4.394499999999997714e-02 7.611497273861431156e-02
-4.394499999999997714e-02 7.611497273861431156e-02 8.788999999999999591e-02 0.000000000000000000e+00
-4.394499999999997714e-02 7.611497273861431156e-02 8.788999999999999591e-02 0.000000000000000000e+00
-4.394499999999997714e-02 7.611497273861431156e-02 -4.394500000000003959e-02 -7.611497273861429769e-02
-4.394500000000003959e-02 -7.611497273861429769e-02 -4.394499999999997714e-02 7.611497273861431156e-02
-4.394500000000003959e-02 -7.611497273861429769e-02 -4.394499999999997714e-02 7.611497273861431156e-02
-4.394499999999997714e-02 7.611497273861431156e-02 -4.394500000000003959e-02 -7.611497273861429769e-02
8.788999999999999591e-02 0.000000000000000000e+00 -4.394499999999997714e-02 7.611497273861431156e-02
-4.394500000000003959e-02 -7.611497273861429769e-02 8.788999999999999591e-02 0.000000000000000000e+00
-4.394500000000003959e-02 -7.611497273861429769e-02 8.788999999999999591e-02 0.000000000000000000e+00
-4.394500000000003959e-02 -7.611497273861429769e-02 8.788999999999999591e-02 0.000000000000000000e+00
-4.394499999999997714e-02 7.611497273861431156e-02 -4.394500000000003959e-02 -7.611497273861429769e-02
-4.394500000000003959e-02 -7.611497273861429769e-02 8.788999999999999591e-02 0.000000000000000000e+00
-4.394500000000003959e-02 -7.611497273861429769e-02 -4.394499999999997714e-02 7.611497273861431156e-02
8.788999999999999591e-02 0.000000000000000000e+00 -4.394499999999997714e-02 7.611497273861431156e-02
8.788999999999999591e-02 0.000000000000000000e+00 -4.394499999999997714e-02 7.611497273861431156e-02
-4.394500000000003959e-02 -7.611497273861429769e-02 -4.394500000000003959e-02 -7.611497273861429769e-02
-4.394500000000003959e-02 -7.611497273861429769e-02 -4.394499999999997714e-02 7.611497273861431156e-02
8.788999999999999591e-02 0.000000000000000000e+00 -4.394500000000003959e-02 -7.611497273861429769e-02
-4.394499999999997714e-02 7.611497273861431156e-02 -4.394500000000003959e-02 -7.611497273861429769e-02
-4.394500000000003959e-02 -7.611497273861429769e-02 -3.862326050000003397e-03 -6.689744953996810441e-03
-4.394500000000003959e-02 -7.611497273861429769e-02 8.788999999999999591e-02 0.000000000000000000e+00
-4.394499999999997714e-02 7.611497273861431156e-02 8.788999999999999591e-02 0.000000000000000000e+00
-4.394499999999997714e-02 7.611497273861431156e-02 8.788999999999999591e-02 0.000000000000000000e+00
-4.394500000000003959e-02 -7.611497273861429769e-02 -4.394499999999997714e-02 7.611497273861431156e-02
-4.394499999999997714e-02 7.611497273861431156e-02 8.788999999999999591e-02 0.000000000000000000e+00
8.788999999999999591e-02 0.000000000000000000e+00 -4.394500000000003959e-02 -7.611497273861429769e-02
-4.394500000000003959e-02 -7.611497273861429769e-02 -4.394499999999997714e-02 7.611497273861431156e-02
-4.394500000000003959e-02 -7.611497273861429769e-02 8.788999999999999591e-02 0.000000000000000000e+00
-4.394499999999997714e-02 7.611497273861431156e-02 -3.862326049999997759e-03 6.689744953996811308e-03
-4.394500000000003959e-02 -7.611497273861429769e-02 -4.394499999999997714e-02 7.611497273861431156e-02
-4.394499999999997714e-02 7.611497273861431156e-02 8.788999999999999591e-02 0.000000000000000000e+00
-4.394499999999997714e-02 7.611497273861431156e-02 8.788999999999999591e-02 0.000000000000000000e+00
-4.394499999999997714e-02 7.611497273861431156e-02 8.788999999999999591e-02 0.000000000000000000e+00
-4.394500000000003959e-02 -7.611497273861429769e-02 -4.394499999999997714e-02 7.611497273861431156e-02
-4.394500000000003959e-02 -7.611497273861429769e-02 -4.394499999999997714e-02 7.611497273861431156e-02
-4.394499999999997714e-02 7.611497273861431156e-02 8.788999999999999591e-02 0.000000000000000000e+00
-4.394499999999997714e-02 7.611497273861431156e-02 8.788999999999999591e-02 0.000000000000000000e+00
-4.394500000000003959e-02 -7.611497273861429769e-02 8.788999999999999591e-02 0.000000000000000000e+00
-4.394500000000003959e-02 -7.611497273861429769e-02 8.788999999999999591e-02 0.000000000000000000e+00
-3.862326049999997759e-03 6.689744953996811308e-03 8.788999999999999591e-02 0.000000000000000000e+00
-4.394499999999997714e-02 7.611497273861431156e-02 -4.394500000000003959e-02 -7.611497273861429769e-02
-4.394500000000003959e-02 -7.611497273861429769e-02 -4.394499999999997714e-02 7.611497273861431156e-02
-4.394500000000003959e-02 -7.611497273861429769e-02 -4.394499999999997714e-02 7.611497273861431156e-02
-4.394499999999997714e-02 7.611497273861431156e-02 -4.394499999999997714e-02 7.611497273861431156e-02
-4.394499999999997714e-02 7.611497273861431156e-02 8.788999999999999591e-02 0.000000000000000000e+00
-4.394500000000003959e-02 -7.611497273861429769e-02 7.724652099999998987e-03 0.000000000000000000e+00
-4.394500000000003959e-02 -7.611497273861429769e-02 8.788999999999999591e-02 0.000000000000000000e+00
-4.394499999999997714e-02 7.611497273861431156e-02 8.788999999999999591e-02 0.000000000000000000e+00
-4.394500000000003959e-02 -7.611497273861429769e-02 8.788999999999999591e-02 0.000000000000000000e+00
8.788999999999999591e-02 0.000000000000000000e+00 -4.394500000000003959e-02 -7.611497273861429769e-02
-4.394499999999997714e-02 7.611497273861431156e-02 -4.394500000000003959e-02 -7.611497273861429769e-02
-4.394499999999997714e-02 7.611497273861431156e-02 8.788999999999999591e-02 0.000000000000000000e+00
8.788999999999999591e-02 0.000000000000000000e+00 -4.394499999999997714e-02 7.611497273861431156e-02
-4.394500000000003959e-02 -7.611497273861429769e-02 8.788999999999999591e-02 0.000000000000000000e+00
-4.394499999999997714e-02 7.611497273861431156e-02 8.788999999999999591e-02 0.000000000000000000e+00
-4.394499999999997714e-02 7.611497273861431156e-02 8.788999999999999591e-02 0.000000000000000000e+00
-4.394500000000003959e-02 -7.611497273861429769e-02 8.788999999999999591e-02 0.000000000000000000e+00
-4.394500000000003959e-02 -7.611497273861429769e-02 -4.394499999999997714e-02 7.611497273861431156e-02
8.788999999999999591e-02 0.000000000000000000e+00 7.724652099999998987e-03 0.000000000000000000e+00
-4.394499999999997714e-02 7.611497273861431156e-02 8.788999999999999591e-02 0.000000000000000000e+00
-4.394499999999997714e-02 7.611497273861431156e-02 8.788999999999999591e-02 0.000000000000000000e+00
-4.394499999999997714e-02 7.611497273861431156e-02 -4.394500000000003959e-02 -7.611497273861429769e-02
8.788999999999999591e-02 0.000000000000000000e+00 -4.394499999999997714e-02 7.611497273861431156e-02
-4.394500000000003959e-02 -7.611497273861429769e-02 -4.394499999999997714e-02 7.611497273861431156e-02
-4.394500000000003959e-02 -7.611497273861429769e-02 8.788999999999999591e-02 0.000000000000000000e+00
-4.394499999999997714e-02 7.611497273861431156e-02 8.788999999999999591e-02 0.000000000000000000e+00
-4.394499999999997714e-02 7.611497273861431156e-02 8.788999999999999591e-02 0.000000000000000000e+00
-4.394499999999997714e-02 7.611497273861431156e-02 8.788999999999999591e-02 0.000000000000000000e+00
-4.394500000000003959e-02 -7.611497273861429769e-02 8.788999999999999591e-02 0.000000000000000000e+00
-4.394500000000003959e-02 -7.611497273861429769e-02 8.788999999999999591e-02 0.000000000000000000e+00
-4.394499999999997714e-02 7.611497273861431156e-02 8.788999999999999591e-02 0.000000000000000000e+00
-4.394500000000003959e-02 -7.611497273861429769e-02 -4.394499999999997714e-02 7.611497273861431156e-02
-4.394500000000003959e-02 -7.611497273861429769e-02 -4.394499999999997714e-02 7.611497273861431156e-02
-4.394499999999997714e-02 7.611497273861431156e-02 -4.394499999999997714e-02 7.611497273861431156e-02
-4.394499999999997714e-02 7.611497273861431156e-02 -4.394500000000003959e-02 -7.611497273861429769e-02
-4.394500000000003959e-02 -7.611497273861429769e-02 -4.394499999999997714e-02 7.611497273861431156e-02
-4.394500000000003959e-02 -7.611497273861429769e-02 -4.394500000000003959e-02 -7.611497273861429769e-02
-4.394499999999997714e-02 7.611497273861431156e-02 -4.394500000000003959e-02 -7.611497273861429769e-02
8.788999999999999591e-02 0.000000000000000000e+00 -4.394500000000003959e-02 -7.611497273861429769e-02
-4.394500000000003959e-02 -7.611497273861429769e-02 -4.394499999999997714e-02 7.611497273861431156e-02
-4.394499999999997714e-02 7.611497273861431156e-02 -4.394500000000003959e-02 -7.611497273861429769e-02
-4.394499999999997714e-02 7.611497273861431156e-02 -4.394500000000003959e-02 -7.611497273861429769e-02
-4.394500000000003959e-02 -7.611497273861429769e-02 -4.394499999999997714e-02 7.611497273861431156e-02
-4.394499999999997714e-02 7.611497273861431156e-02 -4.394500000000003959e-02 -7.611497273861429769e-02
-4.394499999999997714e-02 7.611497273861431156e-02 -4.394500000000003959e-02 -7.611497273861429769e-02
7.724652099999998987e-03 0.000000000000000000e+00 -4.394499999999997714e-02 7.611497273861431156e-02
-4.394499999999997714e-02 7.611497273861431156e-02 -4.394500000000003959e-02 -7.611497273861429769e-02
-4.394500000000003959e-02 -7.611497273861429769e-02 -4.394499999999997714e-02 7.611497273861431156e-02
-4.394500000000003959e-02 -7.611497273861429769e-02 -4.394500000000003959e-02 -7.611497273861429769e-02
-4.394499999999997714e-02 7.611497273861431156e-02 -4.394500000000003959e-02 -7.611497273861429769e-02
-4.394500000000003959e-02 -7.611497273861429769e-02 -4.394499999999997714e-02 7.611497273861431156e-02
7.724652099999998987e-03 0.000000000000000000e+00 -4.394499999999997714e-02 7.611497273861431156e-02
8.788999999999999591e-02 0.000000000000000000e+00 -4.394500000000003959e-02 -7.611497273861429769e-02
8.788999999999999591e-02 0.000000000000000000e+00 -4.394499999999997714e-02 7.611497273861431156e-02
8.788999999999999591e-02 0.000000000000000000e+00 -4.394500000000003959e-02 -7.611497273861429769e-02
-4.394499999999997714e-02 7.611497273861431156e-02 8.788999999999999591e-02 0.000000000000000000e+00
-4.394499999999997714e-02 7.611497273861431156e-02 8.788999999999999591e-02 0.000000000000000000e+00
-4.394499999999997714e-02 7.611497273861431156e-02 8.788999999999999591e-02 0.000000000000000000e+00
-4.394500000000003959e-02 -7.611497273861429769e-02 8.788999999999999591e-02 0.000000000000000000e+00
-4.394500000000003959e-02 -7.611497273861429769e-02 -4.394499999999997714e-02 7.611497273861431156e-02
8.788999999999999591e-02 0.000000000000000000e+00 -4.394499999999997714e-02 7.611497273861431156e-02
-4.394500000000003959e-02 -7.611497273861429769e-02 -4.394499999999997714e-02 7.611497273861431156e-02
-4.394500000000003959e-02 -7.611497273861429769e-02 -4.394499999999997714e-02 7.611497273861431156e-02
-4.394499999999997714e-02 7.611497273861431156e-02 -4.394500000000003959e-02 -7.611497273861429769e-02
-4.394500000000003959e-02 -7.611497273861429769e-02 -4.394499999999997714e-02 7.611497273861431156e-02
-4.394500000000003959e-02 -7.611497273861429769e-02 8.788999999999999591e-02 0.000000000000000000e+00
-4.394500000000003959e-02 -7.611497273861429769e-02 8.788999999999999591e-02 0.000000000000000000e+00
8.788999999999999591e-02 0.000000000000000000e+00 -4.394500000000003959e-02 -7.611497273861429769e-02
8.788999999999999591e-02 0.000000000000000000e+00 -4.394499999999997714e-02 7.611497273861431156e-02
-4.394499999999997714e-02 7.611497273861431156e-02 -4.394500000000003959e-02 -7.611497273861429769e-02
-4.394499999999997714e-02 7.611497273861431156e-02 -4.394500000000003959e-02 -7.611497273861429769e-02
-4.394500000000003959e-02 -7.611497273861429769e-02 -4.394499999999997714e-02 7.611497273861431156e-02
-4.394500000000003959e-02 -7.611497273861429769e-02 8.788999999999999591e-02 0.000000000000000000e+00
-4.394499999999997714e-02 7.611497273861431156e-02 8.788999999999999591e-02 0.000000000000000000e+00
-4.394500000000003959e-02 -7.611497273861429769e-02 -4.394499999999997714e-02 7.611497273861431156e-02
8.788999999999999591e-02 0.000000000000000000e+00 -4.394499999999997714e-02 7.611497273861431156e-02
8.788999999999999591e-02 0.000000000000000000e+00 -4.394500000000003959e-02 -7.611497273861429769e-02
8.788999999999999591e-02 0.000000000000000000e+00 -4.394500000000003959e-02 -7.611497273861429769e-02
-4.394499999999997714e-02 7.611497273861431156e-02 -4.394500000000003959e-02 -7.611497273861429769e-02
-4.394500000000003959e-02 -7.611497273861429769e-02 -4.394499999999997714e-02 7.611497273861431156e-02
-4.394500000000003959e-02 -7.611497273861429769e-02 -4.394499999999997714e-02 7.611497273861431156e-02
8.788999999999999591e-02 0.000000000000000000e+00 -4.394499999999997714e-02 7.611497273861431156e-02
8.788999999999999591e-02 0.000000000000000000e+00 -4.394499999999997714e-02 7.611497273861431156e-02
8.788999999999999591e-02 0.000000000000000000e+00 -4.394499999999997714e-02 7.611497273861431156e-02
-4.394499999999997714e-02 7.611497273861431156e-02 -4.394500000000003959e-02 -7.611497273861429769e-02
-4.394500000000003959e-02 -7.611497273861429769e-02 -4.394499999999997714e-02 7.611497273861431156e-02
-4.394499999999997714e-02 7.611497273861431156e-02 -4.394500000000003959e-02 -7.611497273861429769e-02
-4.394499999999997714e-02 7.611497273861431156e-02 -4.394500000000003959e-02 -7.611497273861429769e-02
8.788999999999999591e-02 0.000000000000000000e+00 -4.394500000000003959e-02 -7.611497273861429769e-02
-4.394500000000003959e-02 -7.611497273861429769e-02 -4.394499999999997714e-02 7.611497273861431156e-02
-4.394500000000003959e-02 -7.611497273861429769e-02 -4.394499999999997714e-02 7.611497273861431156e-02
-4.394500000000003959e-02 -7.611497273861429769e-02 -4.394499999999997714e-02 7.611497273861431156e-02
-4.394500000000003959e-02 -7.611497273861429769e-02 -4.394499999999997714e-02 7.611497273861431156e-02
-4.394499999999997714e-02 7.611497273861431156e-02 8.788999999999999591e-02 0.000000000000000000e+00
-4.394499999999997714e-02 7.611497273861431156e-02 8.788999999999999591e-02 0.000000000000000000e+00
-4.394500000000003959e-02 -7.611497273861429769e-02 8.788999999999999591e-02 0.000000000000000000e+00
-4.394500000000003959e-02 -7.611497273861429769e-02 8.788999999999999591e-02 0.000000000000000000e+00
-4.394500000000003959e-02 -7.611497273861429769e-02 8.788999999999999591e-02 0.000000000000000000e+00
-4.394500000000003959e-02 -7.611497273861429769e-02 -4.394499999999997714e-02 7.611497273861431156e-02
8.788999999999999591e-02 0.000000000000000000e+00 -4.394499999999997714e-02 7.611497273861431156e-02
8.788999999999999591e-02 0.000000000000000000e+00 -4.394500000000003959e-02 -7.611497273861429769e-02
8.788999999999999591e-02 0.000000000000000000e+00 -4.394499999999997714e-02 7.611497273861431156e-02
8.788999999999999591e-02 0.000000000000000000e+00 -4.394500000000003959e-02 -7.611497273861429769e-02
8.788999999999999591e-02 0.000000000000000000e+00 -4.394500000000003959e-02 -7.611497273861429769e-02
8.788999999999999591e-02 0.000000000000000000e+00 -4.394499999999997714e-02 7.611497273861431156e-02
-4.394500000000003959e-02 -7.611497273861429769e-02 -4.394499999999997714e-02 7.611497273861431156e-02
8.788999999999999591e-02 0.000000000000000000e+00 -4.394500000000003959e-02 -7.611497273861429769e-02
-4.394499999999997714e-02 7.611497273861431156e-02 -4.394500000000003959e-02 -7.611497273861429769e-02
-4.394499999999997714e-02 7.611497273861431156e-02 8.788999999999999591e-02 0.000000000000000000e+00
-4.394499999999997714e-02 7.611497273861431156e-02 8.788999999999999591e-02 0.000000000000000000e+00
-4.394500000000003959e-02 -7.611497273861429769e-02 -4.394499999999997714e-02 7.611497273861431156e-02
-4.394500000000003959e-02 -7.611497273861429769e-02 -4.394499999999997714e-02 7.611497273861431156e-02
-4.394500000000003959e-02 -7.611497273861429769e-02 -4.394499999999997714e-02 7.611497273861431156e-02
-4.394500000000003959e-02 -7.611497273861429769e-02 -4.394499999999997714e-02 7.611497273861431156e-02
-4.394499999999997714e-02 7.611497273861431156e-02 8.788999999999999591e-02 0.000000000000000000e+00
-4.394499999999997714e-02 7.611497273861431156e-02 8.788999999999999591e-02 0.000000000000000000e+00
-4.394499999999997714e-02 7.611497273861431156e-02 -4.394500000000003959e-02 -7.611497273861429769e-02
-4.394500000000003959e-02 -7.611497273861429769e-02 8.788999999999999591e-02 0.000000000000000000e+00
8.788999999999999591e-02 0.000000000000000000e+00 -4.394499999999997714e-02 7.611497273861431156e-02
-4.394500000000003959e-02 -7.611497273861429769e-02 -4.394499999999997714e-02 7.611497273861431156e-02
-4.394500000000003959e-02 -7.611497273861429769e-02 -4.394499999999997714e-02 7.611497273861431156e-02
-4.394500000000003959e-02 -7.611497273861429769e-02 -4.394499999999997714e-02 7.611497273861431156e-02
-4.394499999999997714e-02 7.611497273861431156e-02 -4.394500000000003959e-02 -7.611497273861429769e-02
-4.394499999999997714e-02 7.611497273861431156e-02 -4.394500000000003959e-02 -7.611497273861429769e-02
-4.394500000000003959e-02 -7.611497273861429769e-02 -4.394499999999997714e-02 7.611497273861431156e-02
-4.394500000000003959e-02 -7.611497273861429769e-02 8.788999999999999591e-02 0.000000000000000000e+00
-4.394500000000003959e-02 -7.611497273861429769e-02 8.788999999999999591e-02 0.000000000000000000e+00
-4.394500000000003959e-02 -7.611497273861429769e-02 -4.394499999999997714e-02 7.611497273861431156e-02
-4.394500000000003959e-02 -7.611497273861429769e-02 8.788999999999999591e-02 0.000000000000000000e+00
-3.862326050000003397e-03 -6.689744953996810441e-03 8.788999999999999591e-02 0.000000000000000000e+00
8.788999999999999591e-02 0.000000000000000000e+00 8.788999999999999591e-02 0.000000000000000000e+00
-4.394499999999997714e-02 7.611497273861431156e-02 8.788999999999999591e-02 0.000000000000000000e+00
-4.394499999999997714e-02 7.611497273861431156e-02 -4.394500000000003959e-02 -7.611497273861429769e-02
-4.394499999999997714e-02 7.611497273861431156e-02 -4.394500000000003959e-02 -7.611497273861429769e-02
-4.394499999999997714e-02 7.611497273861431156e-02 8.788999999999999591e-02 0.000000000000000000e+00
-4.394500000000003959e-02 -7.611497273861429769e-02 -4.394499999999997714e-02 7.611497273861431156e-02
-4.394499999999997714e-02 7.611497273861431156e-02 -4.394500000000003959e-02 -7.611497273861429769e-02
-4.394499999999997714e-02 7.611497273861431156e-02 -4.394500000000003959e-02 -7.611497273861429769e-02
-4.394499999999997714e-02 7.611497273861431156e-02 -4.394500000000003959e-02 -7.611497273861429769e-02
-4.394500000000003959e-02 -7.611497273861429769e-02 -4.394499999999997714e-02 7.611497273861431156e-02
-4.394500000000003959e-02 -7.611497273861429769e-02 -4.394499999999997714e-02 7.611497273861431156e-02
-4.394500000000003959e-02 -7.611497273861429769e-02 -4.394499999999997714e-02 7.611497273861431156e-02
-4.394500000000003959e-02 -7.611497273861429769e-02 8.788999999999999591e-02 0.000000000000000000e+00
-4.394499999999997714e-02 7.611497273861431156e-02 8.788999999999999591e-02 0.000000000000000000e+00
8.788999999999999591e-02 0.000000000000000000e+00 -4.394499999999997714e-02 7.611497273861431156e-02
8.788999999999999591e-02 0.000000000000000000e+00 -4.394499999999997714e-02 7.611497273861431156e-02
-4.394499999999997714e-02 7.611497273861431156e-02 8.788999999999999591e-02 0.000000000000000000e+00
8.788999999999999591e-02 0.000000000000000000e+00 -4.394500000000003959e-02 -7.611497273861429769e-02
-4.394500000000003959e-02 -7.611497273861429769e-02 -4.394499999999997714e-02 7.611497273861431156e-02
8.788999999999999591e-02 0.000000000000000000e+00 -4.394499999999997714e-02 7.611497273861431156e-02
-4.394500000000003959e-02 -7.611497273861429769e-02 8.788999999999999591e-02 0.000000000000000000e+00
8.788999999999999591e-02 0.000000000000000000e+00 -4.394499999999997714e-02 7.611497273861431156e-02
8.788999999999999591e-02 0.000000000000000000e+00 -4.394499999999997714e-02 7.611497273861431156e-02
8.788999999999999591e-02 0.000000000000000000e+00 -4.394500000000003959e-02 -7.611497273861429769e-02
8.788999999999999591e-02 0.000000000000000000e+00 -4.394499999999997714e-02 7.611497273861431156e-02
8.788999999999999591e-02 0.000000000000000000e+00 -4.394500000000003959e-02 -7.611497273861429769e-02
8.788999999999999591e-02 0.000000000000000000e+00 -4.394500000000003959e-02 -7.611497273861429769e-02
-4.394500000000003959e-02 -7.611497273861429769e-02 -4.394499999999997714e-02 7.611497273861431156e-02
-4.394499999999997714e-02 7.611497273861431156e-02 -4.394500000000003959e-02 -7.611497273861429769e-02
-4.394500000000003959e-02 -7.611497273861429769e-02 -4.394499999999997714e-02 7.611497273861431156e-02
8.788999999999999591e-02 0.000000000000000000e+00 -4.394500000000003959e-02 -7.611497273861429769e-02
-4.394499999999997714e-02 7.611497273861431156e-02 8.788999999999999591e-02 0.000000000000000000e+00
-4.394499999999997714e-02 7.611497273861431156e-02 8.788999999999999591e-02 0.000000000000000000e+00
-4.394500000000003959e-02 -7.611497273861429769e-02 8.788999999999999591e-02 0.000000000000000000e+00
-4.394499999999997714e-02 7.611497273861431156e-02 -4.394500000000003959e-02 -7.611497273861429769e-02
8.788999999999999591e-02 0.000000000000000000e+00 -4.394499999999997714e-02 7.611497273861431156e-02
-4.394499999999997714e-02 7.611497273861431156e-02 8.788999999999999591e-02 0.000000000000000000e+00
-4.394499999999997714e-02 7.611497273861431156e-02 -4.394500000000003959e-02 -7.611497273861429769e-02
-4.394499999999997714e-02 7.611497273861431156e-02 -4.394500000000003959e-02 -7.611497273861429769e-02
-4.394499999999997714e-02 7.611497273861431156e-02 -4.394500000000003959e-02 -7.611497273861429769e-02
-4.394500000000003959e-02 -7.611497273861429769e-02 -4.394499999999997714e-02 7.611497273861431156e-02
-4.394500000000003959e-02 -7.611497273861429769e-02 -4.394499999999997714e-02 7.611497273861431156e-02
7.724652099999998987e-03 0.000000000000000000e+00 -4.394500000000003959e-02 -7.611497273861429769e-02
-4.394499999999997714e-02 7.611497273861431156e-02 -4.394500000000003959e-02 -7.611497273861429769e-02
-4.394500000000003959e-02 -7.611497273861429769e-02 -4.394499999999997714e-02 7.611497273861431156e-02
-4.394499999999997714e-02 7.611497273861431156e-02 7.724652099999998987e-03 0.000000000000000000e+00
-4.394500000000003959e-02 -7.611497273861429769e-02 -4.394499999999997714e-02 7.611497273861431156e-02
-4.394500000000003959e-02 -7.611497273861429769e-02 -4.394499999999997714e-02 7.611497273861431156e-02
-4.394500000000003959e-02 -7.611497273861429769e-02 -4.394499999999997714e-02 7.611497273861431156e-02
-4.394499999999997714e-02 7.611497273861431156e-02 -4.394500000000003959e-02 -7.611497273861429769e-02
-4.394500000000003959e-02 -7.611497273861429769e-02 -4.394499999999997714e-02 7.611497273861431156e-02
-4.394499999999997714e-02 7.611497273861431156e-02 -4.394499999999997714e-02 7.611497273861431156e-02
-4.394499999999997714e-02 7.611497273861431156e-02 -4.394500000000003959e-02 -7.611497273861429769e-02
-4.394499999999997714e-02 7.611497273861431156e-02 -4.394500000000003959e-02 -7.611497273861429769e-02
-4.394499999999997714e-02 7.611497273861431156e-02 -4.394500000000003959e-02 -7.611497273861429769e-02
-4.394499999999997714e-02 7.611497273861431156e-02 -4.394500000000003959e-02 -7.611497273861429769e-02
-4.394499999999997714e-02 7.611497273861431156e-02 -4.394500000000003959e-02 -7.611497273861429769e-02
-4.394500000000003959e-02 -7.611497273861429769e-02 -4.394499999999997714e-02 7.611497273861431156e-02
8.788999999999999591e-02 0.000000000000000000e+00 -4.394500000000003959e-02 -7.611497273861429769e-02
-4.394500000000003959e-02 -7.611497273861429769e-02 8.788999999999999591e-02 0.000000000000000000e+00
-4.394499999999997714e-02 7.611497273861431156e-02 -4.394500000000003959e-02 -7.611497273861429769e-02
-4.394499999999997714e-02 7.611497273861431156e-02 -4.394500000000003959e-02 -7.611497273861429769e-02
-4.394500000000003959e-02 -7.611497273861429769e-02 8.788999999999999591e-02 0.000000000000000000e+00
-4.394499999999997714e-02 7.611497273861431156e-02 8.788999999999999591e-02 0.000000000000000000e+00
-4.394500000000003959e-02 -7.611497273861429769e-02 8.788999999999999591e-02 0.000000000000000000e+00
-4.394499999999997714e-02 7.611497273861431156e-02 8.788999999999999591e-02 0.000000000000000000e+00
-4.394499999999997714e-02 7.611497273861431156e-02 8.788999999999999591e-02 0.000000000000000000e+00
-4.394499999999997714e-02 7.611497273861431156e-02 -4.394500000000003959e-02 -7.611497273861429769e-02
-4.394499999999997714e-02 7.611497273861431156e-02 -4.394500000000003959e-02 -7.611497273861429769e-02
-4.394500000000003959e-02 -7.611497273861429769e-02 -4.394499999999997714e-02 7.611497273861431156e-02
-4.394500000000003959e-02 -7.611497273861429769e-02 -4.394499999999997714e-02 7.611497273861431156e-02
-4.394500000000003959e-02 -7.611497273861429769e-02 -4.394499999999997714e-02 7.611497273861431156e-02
-4.394499999999997714e-02 7.611497273861431156e-02 -4.394500000000003959e-02 -7.611497273861429769e-02
-4.394500000000003959e-02 -7.611497273861429769e-02 -4.394499999999997714e-02 7.611497273861431156e-02
-4.394499999999997714e-02 7.611497273861431156e-02 -4.394500000000003959e-02 -7.611497273861429769e-02
8.788999999999999591e-02 0.000000000000000000e+00 -4.394499999999997714e-02 7.611497273861431156e-02
-4.394500000000003959e-02 -7.611497273861429769e-02 -4.394499999999997714e-02 7.611497273861431156e-02
-4.394500000000003959e-02 -7.611497273861429769e-02 -4.394499999999997714e-02 7.611497273861431156e-02
-3.862326050000003397e-03 -6.689744953996810441e-03 -4.394499999999997714e-02 7.611497273861431156e-02
-4.394500000000003959e-02 -7.611497273861429769e-02 -4.394499999999997714e-02 7.611497273861431156e-02
-4.394500000000003959e-02 -7.611497273861429769e-02 -4.394499999999997714e-02 7.611497273861431156e-02
-4.394499999999997714e-02 7.611497273861431156e-02 -4.394500000000003959e-02 -7.611497273861429769e-02
-4.394500000000003959e-02 -7.611497273861429769e-02 -4.394499999999997714e-02 7.611497273861431156e-02
-4.394499999999997714e-02 7.611497273861431156e-02 -4.394500000000003959e-02 -7.611497273861429769e-02
-4.394499999999997714e-02 7.611497273861431156e-02 -4.394500000000003959e-02 -7.611497273861429769e-02
-4.394499999999997714e-02 7.611497273861431156e-02 -4.394500000000003959e-02 -7.611497273861429769e-02
8.788999999999999591e-02 0.000000000000000000e+00 -4.394500000000003959e-02 -7.611497273861429769e-02
8.788999999999999591e-02 0.000000000000000000e+00 -4.394500000000003959e-02 -7.611497273861429769e-02
8.788999999999999591e-02 0.000000000000000000e+00 -4.394500000000003959e-02 -7.611497273861429769e-02
-4.394499999999997714e-02 7.611497273861431156e-02 -4.394500000000003959e-02 -7.611497273861429769e-02
-4.394500000000003959e-02 -7.611497273861429769e-02 -4.394499999999997714e-02 7.611497273861431156e-02
8.788999999999999591e-02 0.000000000000000000e+00 -4.394500000000003959e-02 -7.611497273861429769e-02
8.788999999999999591e-02 0.000000000000000000e+00 -4.394500000000003959e-02 -7.611497273861429769e-02
-4.394500000000003959e-02 -7.611497273861429769e-02 -4.394499999999997714e-02 7.611497273861431156e-02
8.788999999999999591e-02 0.000000000000000000e+00 -4.394499999999997714e-02 7.611497273861431156e-02
-4.394499999999997714e-02 7.611497273861431156e-02 -4.394500000000003959e-02 -7.611497273861429769e-02
-4.394499999999997714e-02 7.611497273861431156e-02 -4.394500000000003959e-02 -7.611497273861429769e-02
-4.394499999999997714e-02 7.611497273861431156e-02 -4.394499999999997714e-02 7.611497273861431156e-02
-4.394499999999997714e-02 7.611497273861431156e-02 -4.394500000000003959e-02 -7.611497273861429769e-02
-4.394499999999997714e-02 7.611497273861431156e-02 -4.394500000000003959e-02 -7.611497273861429769e-02
-4.394500000000003959e-02 -7.611497273861429769e-02 -4.394499999999997714e-02 7.611497273861431156e-02
-4.394500000000003959e-02 -7.611497273861429769e-02 -4.394499999999997714e-02 7.611497273861431156e-02
-4.394500000000003959e-02 -7.611497273861429769e-02 7.724652099999998987e-03 0.000000000000000000e+00
8.788999999999999591e-02 0.000000000000000000e+00 -4.394499999999997714e-02 7.611497273861431156e-02
-4.394499999999997714e-02 7.611497273861431156e-02 -4.394500000000003959e-02 -7.611497273861429769e-02
-4.394500000000003959e-02 -7.611497273861429769e-02 -4.394499999999997714e-02 7.611497273861431156e-02
-4.394500000000003959e-02 -7.611497273861429769e-02 -4.394499999999997714e-02 7.611497273861431156e-02
-4.394500000000003959e-02 -7.611497273861429769e-02 -4.394499999999997714e-02 7.611497273861431156e-02
-4.394500000000003959e-02 -7.611497273861429769e-02 -4.394499999999997714e-02 7.611497273861431156e-02
-4.394500000000003959e-02 -7.611497273861429769e-02 -4.394499999999997714e-02 7.611497273861431156e-02
-4.394499999999997714e-02 7.611497273861431156e-02 -4.394500000000003959e-02 -7.611497273861429769e-02
-4.394500000000003959e-02 -7.611497273861429769e-02 -4.394499999999997714e-02 7.611497273861431156e-02
-4.394500000000003959e-02 -7.611497273861429769e-02 -4.394499999999997714e-02 7.611497273861431156e-02
-4.394499999999997714e-02 7.611497273861431156e-02 -4.394500000000003959e-02 -7.611497273861429769e-02
-4.394499999999997714e-02 7.611497273861431156e-02 -4.394500000000003959e-02 -7.611497273861429769e-02
8.788999999999999591e-02 0.000000000000000000e+00 -4.394500000000003959e-02 -7.611497273861429769e-02
-4.394499999999997714e-02 7.611497273861431156e-02 -4.394500000000003959e-02 -7.611497273861429769e-02
-4.394499999999997714e-02 7.611497273861431156e-02 -4.394500000000003959e-02 -7.611497273861429769e-02
-4.394499999999997714e-02 7.611497273861431156e-02 -4.394500000000003959e-02 -7.611497273861429769e-02
-4.394500000000003959e-02 -7.611497273861429769e-02 -4.394499999999997714e-02 7.611497273861431156e-02
-4.394500000000003959e-02 -7.611497273861429769e-02 -4.394499999999997714e-02 7.611497273861431156e-02
8.788999999999999591e-02 0.000000000000000000e+00 -4.394500000000003959e-02 -7.611497273861429769e-02
8.788999999999999591e-02 0.000000000000000000e+00 -4.394499999999997714e-02 7.611497273861431156e-02
-4.394500000000003959e-02 -7.611497273861429769e-02 8.788999999999999591e-02 0.000000000000000000e+00
-4.394499999999997714e-02 7.611497273861431156e-02 8.788999999999999591e-02 0.000000000000000000e+00
-4.394499999999997714e-02 7.611497273861431156e-02 -4.394500000000003959e-02 -7.611497273861429769e-02
-4.394499999999997714e-02 7.611497273861431156e-02 -4.394499999999997714e-02 7.611497273861431156e-02
-4.394500000000003959e-02 -7.611497273861429769e-02 -4.394499999999997714e-02 7.611497273861431156e-02
8.788999999999999591e-02 0.000000000000000000e+00 -4.394500000000003959e-02 -7.611497273861429769e-02
8.788999999999999591e-02 0.000000000000000000e+00 -4.394499999999997714e-02 7.611497273861431156e-02
8.788999999999999591e-02 0.000000000000000000e+00 -4.394499999999997714e-02 7.611497273861431156e-02
8.788999999999999591e-02 0.000000000000000000e+00 -4.394500000000003959e-02 -7.611497273861429769e-02
-4.394500000000003959e-02 -7.611497273861429769e-02 -4.394499999999997714e-02 7.611497273861431156e-02
-4.394499999999997714e-02 7.611497273861431156e-02 8.788999999999999591e-02 0.000000000000000000e+00
8.788999999999999591e-02 0.000000000000000000e+00 -4.394499999999997714e-02 7.611497273861431156e-02
-4.394500000000003959e-02 -7.611497273861429769e-02 -4.394499999999997714e-02 7.611497273861431156e-02
-4.394499999999997714e-02 7.611497273861431156e-02 -4.394500000000003959e-02 -7.611497273861429769e-02
-4.394500000000003959e-02 -7.611497273861429769e-02 8.788999999999999591e-02 0.000000000000000000e+00
8.788999999999999591e-02 0.000000000000000000e+00 -4.394499999999997714e-02 7.611497273861431156e-02
8.788999999999999591e-02 0.000000000000000000e+00 -4.394499999999997714e-02 7.611497273861431156e-02
8.788999999999999591e-02 0.000000000000000000e+00 -4.394500000000003959e-02 -7.611497273861429769e-02
8.788999999999999591e-02 0.000000000000000000e+00 -4.394499999999997714e-02 7.611497273861431156e-02
-4.394500000000003959e-02 -7.611497273861429769e-02 -4.394499999999997714e-02 7.611497273861431156e-02
-4.394499999999997714e-02 7.611497273861431156e-02 8.788999999999999591e-02 0.000000000000000000e+00
-4.394499999999997714e-02 7.611497273861431156e-02 -4.394500000000003959e-02 -7.611497273861429769e-02
8.788999999999999591e-02 0.000000000000000000e+00 -4.394500000000003959e-02 -7.611497273861429769e-02
-4.394499999999997714e-02 7.611497273861431156e-02 -4.394500000000003959e-02 -7.611497273861429769e-02
8.788999999999999591e-02 0.000000000000000000e+00 -4.394500000000003959e-02 -7.611497273861429769e-02
-4.394499999999997714e-02 7.611497273861431156e-02 -4.394500000000003959e-02 -7.611497273861429769e-02
8.788999999999999591e-02 0.000000000000000000e+00 -4.394499999999997714e-02 7.611497273861431156e-02
-4.394500000000003959e-02 -7.611497273861429769e-02 -4.394499999999997714e-02 7.611497273861431156e-02
-4.394500000000003959e-02 -7.611497273861429769e-02 -4.394500000000003959e-02 -7.611497273861429769e-02
-4.394500000000003959e-02 -7.611497273861429769e-02 -4.394499999999997714e-02 7.611497273861431156e-02
-3.862326050000003397e-03 -6.689744953996810441e-03 -4.394499999999997714e-02 7.611497273861431156e-02
-4.394500000000003959e-02 -7.611497273861429769e-02 -4.394499999999997714e-02 7.611497273861431156e-02
-4.394499999999997714e-02 7.611497273861431156e-02 -4.394500000000003959e-02 -7.611497273861429769e-02
-3.862326049999997759e-03 6.689744953996811308e-03 -4.394499999999997714e-02 7.611497273861431156e-02
-4.394499999999997714e-02 7.611497273861431156e-02 8.788999999999999591e-02 0.000000000000000000e+00
-4.394500000000003959e-02 -7.611497273861429769e-02 8.788999999999999591e-02 0.000000000000000000e+00
-4.394500000000003959e-02 -7.611497273861429769e-02 -4.394499999999997714e-02 7.611497273861431156e-02
-4.394500000000003959e-02 -7.611497273861429769e-02 -4.394499999999997714e-02 7.611497273861431156e-02
-4.394499999999997714e-02 7.611497273861431156e-02 -4.394500000000003959e-02 -7.611497273861429769e-02
-4.394500000000003959e-02 -7.611497273861429769e-02 -4.394499999999997714e-02 7.611497273861431156e-02
-4.394499999999997714e-02 7.611497273861431156e-02 -4.394500000000003959e-02 -7.611497273861429769e-02
-4.394500000000003959e-02 -7.611497273861429769e-02 -4.394499999999997714e-02 7.611497273861431156e-02
8.788999999999999591e-02 0.000000000000000000e+00 -4.394499999999997714e-02 7.611497273861431156e-02
8.788999999999999591e-02 0.000000000000000000e+00 -4.394500000000003959e-02 -7.611497273861429769e-02
8.788999999999999591e-02 0.000000000000000000e+00 -4.394499999999997714e-02 7.611497273861431156e-02
8.788999999999999591e-02 0.000000000000000000e+00 -4.394499999999997714e-02 7.611497273861431156e-02
8.788999999999999591e-02 0.000000000000000000e+00 -4.394499999999997714e-02 7.611497273861431156e-02
8.788999999999999591e-02 0.000000000000000000e+00 -4.394500000000003959e-02 -7.611497273861429769e-02
-4.394499999999997714e-02 7.611497273861431156e-02 8.788999999999999591e-02 0.000000000000000000e+00
-4.394500000000003959e-02 -7.611497273861429769e-02 8.788999999999999591e-02 0.000000000000000000e+00
-4.394499999999997714e-02 7.611497273861431156e-02 8.788999999999999591e-02 0.000000000000000000e+00
-4.394500000000003959e-02 -7.611497273861429769e-02 8.788999999999999591e-02 0.000000000000000000e+00
-4.394499999999997714e-02 7.611497273861431156e-02 -4.394500000000003959e-02 -7.611497273861429769e-02
-4.394499999999997714e-02 7.611497273861431156e-02 -4.394500000000003959e-02 -7.611497273861429769e-02
-4.394499999999997714e-02 7.611497273861431156e-02 -4.394500000000003959e-02 -7.611497273861429769e-02
-4.394500000000003959e-02 -7.611497273861429769e-02 -4.394499999999997714e-02 7.611497273861431156e-02
-4.394499999999997714e-02 7.611497273861431156e-02 8.788999999999999591e-02 0.000000000000000000e+00
-4.394500000000003959e-02 -7.611497273861429769e-02 8.788999999999999591e-02 0.000000000000000000e+00
-4.394500000000003959e-02 -7.611497273861429769e-02 7.724652099999998987e-03 0.000000000000000000e+00
-4.394500000000003959e-02 -7.611497273861429769e-02 -4.394499999999997714e-02 7.611497273861431156e-02
-4.394500000000003959e-02 -7.611497273861429769e-02 -4.394499999999997714e-02 7.611497273861431156e-02
-4.394500000000003959e-02 -7.611497273861429769e-02 -4.394499999999997714e-02 7.611497273861431156e-02
-4.394499999999997714e-02 7.611497273861431156e-02 -4.394500000000003959e-02 -7.611497273861429769e-02
-4.394500000000003959e-02 -7.611497273861429769e-02 -4.394499999999997714e-02 7.611497273861431156e-02
-4.394499999999997714e-02 7.611497273861431156e-02 -4.394500000000003959e-02 -7.611497273861429769e-02
-4.394500000000003959e-02 -7.611497273861429769e-02 -4.394499999999997714e-02 7.611497273861431156e-02
-4.394500000000003959e-02 -7.611497273861429769e-02 -4.394499999999997714e-02 7.611497273861431156e-02
-4.394499999999997714e-02 7.611497273861431156e-02 8.788999999999999591e-02 0.000000000000000000e+00
-4.394499999999997714e-02 7.611497273861431156e-02 8.788999999999999591e-02 0.000000000000000000e+00
-4.394500000000003959e-02 -7.611497273861429769e-02 -4.394499999999997714e-02 7.611497273861431156e-02
-4.394500000000003959e-02 -7.611497273861429769e-02 -4.394499999999997714e-02 7.611497273861431156e-02
-4.394500000000003959e-02 -7.611497273861429769e-02 -4.394499999999997714e-02 7.611497273861431156e-02
-4.394499999999997714e-02 7.611497273861431156e-02 -4.394500000000003959e-02 -7.611497273861429769e-02
8.788999999999999591e-02 0.000000000000000000e+00 -4.394500000000003959e-02 -7.611497273861429769e-02
8.788999999999999591e-02 0.000000000000000000e+00 -4.394500000000003959e-02 -7.611497273861429769e-02
7.724652099999998987e-03 0.000000000000000000e+00 7.724652099999998987e-03 0.000000000000000000e+00
8.788999999999999591e-02 0.000000000000000000e+00 -4.394499999999997714e-02 7.611497273861431156e-02
8.788999999999999591e-02 0.000000000000000000e+00 -4.394499999999997714e-02 7.611497273861431156e-02
-4.394499999999997714e-02 7.611497273861431156e-02 -4.394500000000003959e-02 -7.611497273861429769e-02
-4.394499999999997714e-02 7.611497273861431156e-02 8.788999999999999591e-02 0.000000000000000000e+00
-4.394500000000003959e-02 -7.611497273861429769e-02 -4.394499999999997714e-02 7.611497273861431156e-02
8.788999999999999591e-02 0.000000000000000000e+00 -4.394499999999997714e-02 7.611497273861431156e-02
-4.394499999999997714e-02 7.611497273861431156e-02 -4.394500000000003959e-02 -7.611497273861429769e-02
-4.394499999999997714e-02 7.611497273861431156e-02 -4.394500000000003959e-02 -7.611497273861429769e-02
-4.394499999999997714e-02 7.611497273861431156e-02 8.788999999999999591e-02 0.000000000000000000e+00
-4.394500000000003959e-02 -7.611497273861429769e-02 -4.394499999999997714e-02 7.611497273861431156e-02
-4.394499999999997714e-02 7.611497273861431156e-02 8.788999999999999591e-02 0.000000000000000000e+00
-4.394499999999997714e-02 7.611497273861431156e-02 8.788999999999999591e-02 0.000000000000000000e+00
-4.394499999999997714e-02 7.611497273861431156e-02 -4.394500000000003959e-02 -7.611497273861429769e-02
-4.394500000000003959e-02 -7.611497273861429769e-02 -4.394499999999997714e-02 7.611497273861431156e-02
-4.394500000000003959e-02 -7.611497273861429769e-02 -4.394499999999997714e-02 7.611497273861431156e-02
-4.394500000000003959e-02 -7.611497273861429769e-02 -4.394499999999997714e-02 7.611497273861431156e-02
-4.394499999999997714e-02 7.611497273861431156e-02 -4.394500000000003959e-02 -7.611497273861429769e-02
-4.394499999999997714e-02 7.611497273861431156e-02 -4.394500000000003959e-02 -7.611497273861429769e-02
-4.394500000000003959e-02 -7.611497273861429769e-02 -4.394499999999997714e-02 7.611497273861431156e-02
-4.394499999999997714e-02 7.611497273861431156e-02 -4.394500000000003959e-02 -7.611497273861429769e-02
-4.394500000000003959e-02 -7.611497273861429769e-02 -4.394499999999997714e-02 7.611497273861431156e-02
-4.394499999999997714e-02 7.611497273861431156e-02 -4.394500000000003959e-02 -7.611497273861429769e-02
-4.394500000000003959e-02 -7.611497273861429769e-02 -4.394499999999997714e-02 7.611497273861431156e-02
8.788999999999999591e-02 0.000000000000000000e+00 -4.394499999999997714e-02 7.611497273861431156e-02
-4.394500000000003959e-02 -7.611497273861429769e-02 -4.394499999999997714e-02 7.611497273861431156e-02
-4.394500000000003959e-02 -7.611497273861429769e-02 7.724652099999998987e-03 0.000000000000000000e+00
-4.394500000000003959e-02 -7.611497273861429769e-02 8.788999999999999591e-02 0.000000000000000000e+00
8.788999999999999591e-02 0.000000000000000000e+00 -4.394500000000003959e-02 -7.611497273861429769e-02
-4.394499999999997714e-02 7.611497273861431156e-02 -4.394500000000003959e-02 -7.611497273861429769e-02
-4.394499999999997714e-02 7.611497273861431156e-02 -4.394500000000003959e-02 -7.611497273861429769e-02
-4.394500000000003959e-02 -7.611497273861429769e-02 -4.394499999999997714e-02 7.611497273861431156e-02
-4.394499999999997714e-02 7.611497273861431156e-02 -4.394500000000003959e-02 -7.611497273861429769e-02
-4.394499999999997714e-02 7.611497273861431156e-02 -4.394500000000003959e-02 -7.611497273861429769e-02
-4.394500000000003959e-02 -7.611497273861429769e-02 -4.394499999999997714e-02 7.611497273861431156e-02
-4.394500000000003959e-02 -7.611497273861429769e-02 -4.394499999999997714e-02 7.611497273861431156e-02
-4.394499999999997714e-02 7.611497273861431156e-02 -4.394499999999997714e-02 7.611497273861431156e-02
-4.394499999999997714e-02 7.611497273861431156e-02 -4.394500000000003959e-02 -7.611497273861429769e-02
-4.394499999999997714e-02 7.611497273861431156e-02 -4.394500000000003959e-02 -7.611497273861429769e-02
7.724652099999998987e-03 0.000000000000000000e+00 -4.394499999999997714e-02 7.611497273861431156e-02
-4.394499999999997714e-02 7.611497273861431156e-02 -4.394500000000003959e-02 -7.611497273861429769e-02
-4.394499999999997714e-02 7.611497273861431156e-02 7.724652099999998987e-03 0.000000000000000000e+00
-4.394499999999997714e-02 7.611497273861431156e-02 8.788999999999999591e-02 0.000000000000000000e+00
8.788999999999999591e-02 0.000000000000000000e+00 -4.394499999999997714e-02 7.611497273861431156e-02
-4.394500000000003959e-02 -7.611497273861429769e-02 -4.394499999999997714e-02 7.611497273861431156e-02
-4.394500000000003959e-02 -7.611497273861429769e-02 8.788999999999999591e-02 0.000000000000000000e+00
-4.394500000000003959e-02 -7.611497273861429769e-02 8.788999999999999591e-02 0.000000000000000000e+00
-4.394499999999997714e-02 7.611497273861431156e-02 7.724652099999998987e-03 0.000000000000000000e+00
-4.394499999999997714e-02 7.611497273861431156e-02 -4.394500000000003959e-02 -7.611497273861429769e-02
-4.394500000000003959e-02 -7.611497273861429769e-02 8.788999999999999591e-02 0.000000000000000000e+00
-4.394500000000003959e-02 -7.611497273861429769e-02 -4.394499999999997714e-02 7.611497273861431156e-02
-4.394500000000003959e-02 -7.611497273861429769e-02 7.724652099999998987e-03 0.000000000000000000e+00
8.788999999999999591e-02 0.000000000000000000e+00 -4.394499999999997714e-02 7.611497273861431156e-02
-4.394500000000003959e-02 -7.611497273861429769e-02 7.724652099999998987e-03 0.000000000000000000e+00
-4.394499999999997714e-02 7.611497273861431156e-02 7.724652099999998987e-03 0.000000000000000000e+00
-4.394500000000003959e-02 -7.611497273861429769e-02 8.788999999999999591e-02 0.000000000000000000e+00
-4.394500000000003959e-02 -7.611497273861429769e-02 8.788999999999999591e-02 0.000000000000000000e+00
-4.394499999999997714e-02 7.611497273861431156e-02 7.724652099999998987e-03 0.000000000000000000e+00
-4.394500000000003959e-02 -7.611497273861429769e-02 8.788999999999999591e-02 0.000000000000000000e+00
-4.394499999999997714e-02 7.611497273861431156e-02 -4.394500000000003959e-02 -7.611497273861429769e-02
8.788999999999999591e-02 0.000000000000000000e+00 -4.394500000000003959e-02 -7.611497273861429769e-02
8.788999999999999591e-02 0.000000000000000000e+00 -4.394499999999997714e-02 7.611497273861431156e-02
-4.394500000000003959e-02 -7.611497273861429769e-02 -4.394499999999997714e-02 7.611497273861431156e-02
-4.394499999999997714e-02 7.611497273861431156e-02 -4.394500000000003959e-02 -7.611497273861429769e-02
-4.394499999999997714e-02 7.611497273861431156e-02 -4.394500000000003959e-02 -7.611497273861429769e-02
-4.394500000000003959e-02 -7.611497273861429769e-02 -4.394499999999997714e-02 7.611497273861431156e-02
-4.394499999999997714e-02 7.611497273861431156e-02 -4.394499999999997714e-02 7.611497273861431156e-02
-4.394500000000003959e-02 -7.611497273861429769e-02 -4.394499999999997714e-02 7.611497273861431156e-02
8.788999999999999591e-02 0.000000000000000000e+00 -4.394500000000003959e-02 -7.611497273861429769e-02
-4.394499999999997714e-02 7.611497273861431156e-02 -4.394500000000003959e-02 -7.611497273861429769e-02
-4.394500000000003959e-02 -7.611497273861429769e-02 -4.394499999999997714e-02 7.611497273861431156e-02
-4.394499999999997714e-02 7.611497273861431156e-02 -4.394500000000003959e-02 -7.611497273861429769e-02
-4.394499999999997714e-02 7.611497273861431156e-02 -4.394500000000003959e-02 -7.611497273861429769e-02
-4.394500000000003959e-02 -7.611497273861429769e-02 -4.394499999999997714e-02 7.611497273861431156e-02
8.788999999999999591e-02 0.000000000000000000e+00 -4.394499999999997714e-02 7.611497273861431156e-02
-4.394500000000003959e-02 -7.611497273861429769e-02 8.788999999999999591e-02 0.000000000000000000e+00
-4.394500000000003959e-02 -7.611497273861429769e-02 8.788999999999999591e-02 0.000000000000000000e+00
-4.394499999999997714e-02 7.611497273861431156e-02 -4.394500000000003959e-02 -7.611497273861429769e-02
8.788999999999999591e-02 0.000000000000000000e+00 -4.394499999999997714e-02 7.611497273861431156e-02
8.788999999999999591e-02 0.000000000000000000e+00 -4.394500000000003959e-02 -7.611497273861429769e-02
-4.394500000000003959e-02 -7.611497273861429769e-02 -4.394499999999997714e-02 7.611497273861431156e-02
-4.394500000000003959e-02 -7.611497273861429769e-02 8.788999999999999591e-02 0.000000000000000000e+00
-4.394500000000003959e-02 -7.611497273861429769e-02 -4.394499999999997714e-02 7.611497273861431156e-02
8.788999999999999591e-02 0.000000000000000000e+00 -4.394499999999997714e-02 7.611497273861431156e-02
-4.394499999999997714e-02 7.611497273861431156e-02 8.788999999999999591e-02 0.000000000000000000e+00
-4.394500000000003959e-02 -7.611497273861429769e-02 8.788999999999999591e-02 0.000000000000000000e+00
-4.394500000000003959e-02 -7.611497273861429769e-02 -4.394499999999997714e-02 7.611497273861431156e-02
-4.394500000000003959e-02 -7.611497273861429769e-02 -4.394499999999997714e-02 7.611497273861431156e-02
-4.394500000000003959e-02 -7.611497273861429769e-02 -4.394499999999997714e-02 7.611497273861431156e-02
8.788999999999999591e-02 0.000000000000000000e+00 -4.394500000000003959e-02 -7.611497273861429769e-02
-4.394499999999997714e-02 7.611497273861431156e-02 -4.394500000000003959e-02 -7.611497273861429769e-02
-4.394499999999997714e-02 7.611497273861431156e-02 -4.394499999999997714e-02 7.611497273861431156e-02
-4.394499999999997714e-02 7.611497273861431156e-02 -4.394500000000003959e-02 -7.611497273861429769e-02
-4.394499999999997714e-02 7.611497273861431156e-02 -4.394500000000003959e-02 -7.611497273861429769e-02
8.788999999999999591e-02 0.000000000000000000e+00 -4.394499999999997714e-02 7.611497273861431156e-02
-4.394500000000003959e-02 -7.611497273861429769e-02 -4.394499999999997714e-02 7.611497273861431156e-02
8.788999999999999591e-02 0.000000000000000000e+00 -4.394499999999997714e-02 7.611497273861431156e-02
8.788999999999999591e-02 0.000000000000000000e+00 -4.394500000000003959e-02 -7.611497273861429769e-02
-4.394499999999997714e-02 7.611497273861431156e-02 -4.394500000000003959e-02 -7.611497273861429769e-02
-4.394500000000003959e-02 -7.611497273861429769e-02 -4.394499999999997714e-02 7.611497273861431156e-02
-4.394499999999997714e-02 7.611497273861431156e-02 8.788999999999999591e-02 0.000000000000000000e+00
-4.394500000000003959e-02 -7.611497273861429769e-02 8.788999999999999591e-02 0.000000000000000000e+00
7.724652099999998987e-03 0.000000000000000000e+00 -4.394499999999997714e-02 7.611497273861431156e-02
-4.394500000000003959e-02 -7.611497273861429769e-02 8.788999999999999591e-02 0.000000000000000000e+00
-4.394500000000003959e-02 -7.611497273861429769e-02 8.788999999999999591e-02 0.000000000000000000e+00
-4.394500000000003959e-02 -7.611497273861429769e-02 8.788999999999999591e-02 0.000000000000000000e+00
-4.394500000000003959e-02 -7.611497273861429769e-02 8.788999999999999591e-02 0.000000000000000000e+00
8.788999999999999591e-02 0.000000000000000000e+00 -4.394499999999997714e-02 7.611497273861431156e-02
8.788999999999999591e-02 0.000000000000000000e+00 -4.394499999999997714e-02 7.611497273861431156e-02
8.788999999999999591e-02 0.000000000000000000e+00 -4.394500000000003959e-02 -7.611497273861429769e-02
-4.394500000000003959e-02 -7.611497273861429769e-02 7.724652099999998987e-03 0.000000000000000000e+00
-4.394500000000003959e-02 -7.611497273861429769e-02 -4.394499999999997714e-02 7.611497273861431156e-02
-4.394500000000003959e-02 -7.611497273861429769e-02 -4.394499999999997714e-02 7.611497273861431156e-02
-4.394499999999997714e-02 7.611497273861431156e-02 -4.394500000000003959e-02 -7.611497273861429769e-02
8.788999999999999591e-02 0.000000000000000000e+00 -4.394500000000003959e-02 -7.611497273861429769e-02
8.788999999999999591e-02 0.000000000000000000e+00 -4.394499999999997714e-02 7.611497273861431156e-02
-4.394500000000003959e-02 -7.611497273861429769e-02 8.788999999999999591e-02 0.000000000000000000e+00
-4.394500000000003959e-02 -7.611497273861429769e-02 8.788999999999999591e-02 0.000000000000000000e+00
-4.394500000000003959e-02 -7.611497273861429769e-02 -4.394499999999997714e-02 7.611497273861431156e-02
-4.394500000000003959e-02 -7.611497273861429769e-02 -4.394499999999997714e-02 7.611497273861431156e-02
-4.394499999999997714e-02 7.611497273861431156e-02 -4.394500000000003959e-02 -7.611497273861429769e-02
-4.394499999999997714e-02 7.611497273861431156e-02 -4.394500000000003959e-02 -7.611497273861429769e-02
-4.394499999999997714e-02 7.611497273861431156e-02 8.788999999999999591e-02 0.000000000000000000e+00
-4.394499999999997714e-02 7.611497273861431156e-02 -4.394500000000003959e-02 -7.611497273861429769e-02
-4.394499999999997714e-02 7.611497273861431156e-02 -4.394500000000003959e-02 -7.611497273861429769e-02
-4.394499999999997714e-02 7.611497273861431156e-02 -4.394499999999997714e-02 7.611497273861431156e-02
-4.394500000000003959e-02 -7.611497273861429769e-02 -4.394499999999997714e-02 7.611497273861431156e-02
-4.394499999999997714e-02 7.611497273861431156e-02 8.788999999999999591e-02 0.000000000000000000e+00
-4.394499999999997714e-02 7.611497273861431156e-02 7.724652099999998987e-03 0.000000000000000000e+00
8.788999999999999591e-02 0.000000000000000000e+00 -3.862326050000003397e-03 -6.689744953996810441e-03
8.788999999999999591e-02 0.000000000000000000e+00 -4.394500000000003959e-02 -7.611497273861429769e-02
8.788999999999999591e-02 0.000000000000000000e+00 -4.394499999999997714e-02 7.611497273861431156e-02
-4.394500000000003959e-02 -7.611497273861429769e-02 -4.394499999999997714e-02 7.611497273861431156e-02
8.788999999999999591e-02 0.000000000000000000e+00 -4.394500000000003959e-02 -7.611497273861429769e-02
-4.394500000000003959e-02 -7.611497273861429769e-02 8.788999999999999591e-02 0.000000000000000000e+00
-4.394500000000003959e-02 -7.611497273861429769e-02 8.788999999999999591e-02 0.000000000000000000e+00
-4.394500000000003959e-02 -7.611497273861429769e-02 -4.394499999999997714e-02 7.611497273861431156e-02
-4.394500000000003959e-02 -7.611497273861429769e-02 -4.394499999999997714e-02 7.611497273861431156e-02
8.788999999999999591e-02 0.000000000000000000e+00 -4.394499999999997714e-02 7.611497273861431156e-02
8.788999999999999591e-02 0.000000000000000000e+00 -4.394499999999997714e-02 7.611497273861431156e-02
8.788999999999999591e-02 0.000000000000000000e+00 -4.394500000000003959e-02 -7.611497273861429769e-02
-4.394500000000003959e-02 -7.611497273861429769e-02 -4.394499999999997714e-02 7.611497273861431156e-02
-4.394500000000003959e-02 -7.611497273861429769e-02 -4.394499999999997714e-02 7.611497273861431156e-02
-4.394499999999997714e-02 7.611497273861431156e-02 -4.394500000000003959e-02 -7.611497273861429769e-02
7.724652099999998987e-03 0.000000000000000000e+00 -4.394500000000003959e-02 -7.611497273861429769e-02
8.788999999999999591e-02 0.000000000000000000e+00 -4.394499999999997714e-02 7.611497273861431156e-02
8.788999999999999591e-02 0.000000000000000000e+00 -4.394500000000003959e-02 -7.611497273861429769e-02
8.788999999999999591e-02 0.000000000000000000e+00 -3.862326050000003397e-03 -6.689744953996810441e-03
-4.394500000000003959e-02 -7.611497273861429769e-02 -4.394499999999997714e-02 7.611497273861431156e-02
-4.394499999999997714e-02 7.611497273861431156e-02 -4.394500000000003959e-02 -7.611497273861429769e-02
-4.394499999999997714e-02 7.611497273861431156e-02 -4.394500000000003959e-02 -7.611497273861429769e-02
-4.394499999999997714e-02 7.611497273861431156e-02 -4.394500000000003959e-02 -7.611497273861429769e-02
-4.394500000000003959e-02 -7.611497273861429769e-02 -4.394499999999997714e-02 7.611497273861431156e-02
-4.394499999999997714e-02 7.611497273861431156e-02 -4.394500000000003959e-02 -7.611497273861429769e-02
-4.394499999999997714e-02 7.611497273861431156e-02 -4.394500000000003959e-02 -7.611497273861429769e-02
8.788999999999999591e-02 0.000000000000000000e+00 -4.394499999999997714e-02 7.611497273861431156e-02
8.788999999999999591e-02 0.000000000000000000e+00 -4.394500000000003959e-02 -7.611497273861429769e-02
-4.394499999999997714e-02 7.611497273861431156e-02 8.788999999999999591e-02 0.000000000000000000e+00
-4.394500000000003959e-02 -7.611497273861429769e-02 -4.394499999999997714e-02 7.611497273861431156e-02
-4.394500000000003959e-02 -7.611497273861429769e-02 -4.394499999999997714e-02 7.611497273861431156e-02
-4.394499999999997714e-02 7.611497273861431156e-02 -4.394500000000003959e-02 -7.611497273861429769e-02
-4.394499999999997714e-02 7.611497273861431156e-02 8.788999999999999591e-02 0.000000000000000000e+00
-4.394500000000003959e-02 -7.611497273861429769e-02 8.788999999999999591e-02 0.000000000000000000e+00
-4.394499999999997714e-02 7.611497273861431156e-02 -4.394500000000003959e-02 -7.611497273861429769e-02
-4.394500000000003959e-02 -7.611497273861429769e-02 -4.394500000000003959e-02 -7.611497273861429769e-02
-4.394500000000003959e-02 -7.611497273861429769e-02 -4.394499999999997714e-02 7.611497273861431156e-02
-4.394500000000003959e-02 -7.611497273861429769e-02 8.788999999999999591e-02 0.000000000000000000e+00
-4.394500000000003959e-02 -7.611497273861429769e-02 8.788999999999999591e-02 0.000000000000000000e+00
8.788999999999999591e-02 0.000000000000000000e+00 -4.394499999999997714e-02 7.611497273861431156e-02
-4.394499999999997714e-02 7.611497273861431156e-02 -4.394500000000003959e-02 -7.611497273861429769e-02
-4.394500000000003959e-02 -7.611497273861429769e-02 -4.394499999999997714e-02 7.611497273861431156e-02
-4.394500000000003959e-02 -7.611497273861429769e-02 -4.394499999999997714e-02 7.611497273861431156e-02
-4.394500000000003959e-02 -7.611497273861429769e-02 -4.394499999999997714e-02 7.611497273861431156e-02
8.788999999999999591e-02 0.000000000000000000e+00 -4.394500000000003959e-02 -7.611497273861429769e-02
-4.394500000000003959e-02 -7.611497273861429769e-02 -4.394499999999997714e-02 7.611497273861431156e-02
8.788999999999999591e-02 0.000000000000000000e+00 -4.394500000000003959e-02 -7.611497273861429769e-02
8.788999999999999591e-02 0.000000000000000000e+00 -4.394500000000003959e-02 -7.611497273861429769e-02
7.724652099999998987e-03 0.000000000000000000e+00 -4.394499999999997714e-02 7.611497273861431156e-02
-4.394500000000003959e-02 -7.611497273861429769e-02 -4.394499999999997714e-02 7.611497273861431156e-02
-4.394500000000003959e-02 -7.611497273861429769e-02 -4.394499999999997714e-02 7.611497273861431156e-02
-4.394499999999997714e-02 7.611497273861431156e-02 -4.394500000000003959e-02 -7.611497273861429769e-02
-4.394499999999997714e-02 7.611497273861431156e-02 -4.394500000000003959e-02 -7.611497273861429769e-02
8.788999999999999591e-02 0.000000000000000000e+00 -4.394500000000003959e-02 -7.611497273861429769e-02
-4.394499999999997714e-02 7.611497273861431156e-02 8.788999999999999591e-02 0.000000000000000000e+00
-4.394499999999997714e-02 7.611497273861431156e-02 -4.394500000000003959e-02 -7.611497273861429769e-02
-4.394499999999997714e-02 7.611497273861431156e-02 -4.394500000000003959e-02 -7.611497273861429769e-02
-4.394500000000003959e-02 -7.611497273861429769e-02 8.788999999999999591e-02 0.000000000000000000e+00
-4.394499999999997714e-02 7.611497273861431156e-02 -4.394500000000003959e-02 -7.611497273861429769e-02
-4.394499999999997714e-02 7.611497273861431156e-02 -4.394499999999997714e-02 7.611497273861431156e-02
-4.394500000000003959e-02 -7.611497273861429769e-02 -4.394499999999997714e-02 7.611497273861431156e-02
-4.394500000000003959e-02 -7.611497273861429769e-02 -4.394499999999997714e-02 7.611497273861431156e-02
-4.394499999999997714e-02 7.611497273861431156e-02 -4.394500000000003959e-02 -7.611497273861429769e-02
-4.394499999999997714e-02 7.611497273861431156e-02 8.788999999999999591e-02 0.000000000000000000e+00
-4.394499999999997714e-02 7.611497273861431156e-02 8.788999999999999591e-02 0.000000000000000000e+00
-4.394499999999997714e-02 7.611497273861431156e-02 -4.394500000000003959e-02 -7.611497273861429769e-02
-4.394500000000003959e-02 -7.611497273861429769e-02 -4.394500000000003959e-02 -7.611497273861429769e-02
8.788999999999999591e-02 0.000000000000000000e+00 -4.394500000000003959e-02 -7.611497273861429769e-02
-4.394500000000003959e-02 -7.611497273861429769e-02 -4.394499999999997714e-02 7.611497273861431156e-02
-4.394500000000003959e-02 -7.611497273861429769e-02 -4.394499999999997714e-02 7.611497273861431156e-02
-4.394499999999997714e-02 7.611497273861431156e-02 8.788999999999999591e-02 0.000000000000000000e+00
-4.394499999999997714e-02 7.611497273861431156e-02 -4.394500000000003959e-02 -7.611497273861429769e-02
-4.394500000000003959e-02 -7.611497273861429769e-02 -4.394499999999997714e-02 7.611497273861431156e-02
-4.394500000000003959e-02 -7.611497273861429769e-02 -4.394499999999997714e-02 7.611497273861431156e-02
-4.394500000000003959e-02 -7.611497273861429769e-02 8.788999999999999591e-02 0.000000000000000000e+00
8.788999999999999591e-02 0.000000000000000000e+00 -4.394500000000003959e-02 -7.611497273861429769e-02
8.788999999999999591e-02 0.000000000000000000e+00 -4.394499999999997714e-02 7.611497273861431156e-02
-4.394499999999997714e-02 7.611497273861431156e-02 -4.394500000000003959e-02 -7.611497273861429769e-02
-4.394500000000003959e-02 -7.611497273861429769e-02 -4.394499999999997714e-02 7.611497273861431156e-02
-4.394500000000003959e-02 -7.611497273861429769e-02 -4.394499999999997714e-02 7.611497273861431156e-02
-4.394499999999997714e-02 7.611497273861431156e-02 8.788999999999999591e-02 0.000000000000000000e+00
8.788999999999999591e-02 0.000000000000000000e+00 -4.394500000000003959e-02 -7.611497273861429769e-02
8.788999999999999591e-02 0.000000000000000000e+00 -4.394500000000003959e-02 -7.611497273861429769e-02
-4.394499999999997714e-02 7.611497273861431156e-02 -4.394500000000003959e-02 -7.611497273861429769e-02
-4.394499999999997714e-02 7.611497273861431156e-02 8.788999999999999591e-02 0.000000000000000000e+00
-4.394499999999997714e-02 7.611497273861431156e-02 7.724652099999998987e-03 0.000000000000000000e+00
-4.394499999999997714e-02 7.611497273861431156e-02 -4.394500000000003959e-02 -7.611497273861429769e-02
-4.394500000000003959e-02 -7.611497273861429769e-02 -4.394499999999997714e-02 7.611497273861431156e-02
-4.394499999999997714e-02 7.611497273861431156e-02 -4.394500000000003959e-02 -7.611497273861429769e-02
-4.394500000000003959e-02 -7.611497273861429769e-02 8.788999999999999591e-02 0.000000000000000000e+00
-4.394500000000003959e-02 -7.611497273861429769e-02 8.788999999999999591e-02 0.000000000000000000e+00
-4.394500000000003959e-02 -7.611497273861429769e-02 8.788999999999999591e-02 0.000000000000000000e+00
-4.394499999999997714e-02 7.611497273861431156e-02 8.788999999999999591e-02 0.000000000000000000e+00
-4.394499999999997714e-02 7.611497273861431156e-02 8.788999999999999591e-02 0.000000000000000000e+00
-4.394499999999997714e-02 7.611497273861431156e-02 8.788999999999999591e-02 0.000000000000000000e+00
-4.394500000000003959e-02 -7.611497273861429769e-02 8.788999999999999591e-02 0.000000000000000000e+00
-4.394500000000003959e-02 -7.611497273861429769e-02 -4.394500000000003959e-02 -7.611497273861429769e-02
8.788999999999999591e-02 0.000000000000000000e+00 -4.394500000000003959e-02 -7.611497273861429769e-02
-4.394500000000003959e-02 -7.611497273861429769e-02 -4.394499999999997714e-02 7.611497273861431156e-02
-4.394500000000003959e-02 -7.611497273861429769e-02 -4.394499999999997714e-02 7.611497273861431156e-02
-4.394499999999997714e-02 7.611497273861431156e-02 -4.394499999999997714e-02 7.611497273861431156e-02
-4.394499999999997714e-02 7.611497273861431156e-02 -4.394500000000003959e-02 -7.611497273861429769e-02
-4.394500000000003959e-02 -7.611497273861429769e-02 -4.394499999999997714e-02 7.611497273861431156e-02
-4.394499999999997714e-02 7.611497273861431156e-02 -4.394500000000003959e-02 -7.611497273861429769e-02
-4.394500000000003959e-02 -7.611497273861429769e-02 -4.394499999999997714e-02 7.611497273861431156e-02
-4.394500000000003959e-02 -7.611497273861429769e-02 -4.394500000000003959e-02 -7.611497273861429769e-02
-4.394499999999997714e-02 7.611497273861431156e-02 8.788999999999999591e-02 0.000000000000000000e+00
7.724652099999998987e-03 0.000000000000000000e+00 -4.394500000000003959e-02 -7.611497273861429769e-02
8.788999999999999591e-02 0.000000000000000000e+00 -4.394499999999997714e-02 7.611497273861431156e-02
8.788999999999999591e-02 0.000000000000000000e+00 -4.394499999999997714e-02 7.611497273861431156e-02
-4.394499999999997714e-02 7.611497273861431156e-02 -4.394500000000003959e-02 -7.611497273861429769e-02
-4.394500000000003959e-02 -7.611497273861429769e-02 -4.394499999999997714e-02 7.611497273861431156e-02
8.788999999999999591e-02 0.000000000000000000e+00 -4.394500000000003959e-02 -7.611497273861429769e-02
-4.394499999999997714e-02 7.611497273861431156e-02 -4.394500000000003959e-02 -7.611497273861429769e-02
-4.394499999999997714e-02 7.611497273861431156e-02 -4.394500000000003959e-02 -7.611497273861429769e-02
-4.394499999999997714e-02 7.611497273861431156e-02 -4.394499999999997714e-02 7.611497273861431156e-02
8.788999999999999591e-02 0.000000000000000000e+00 -4.394499999999997714e-02 7.611497273861431156e-02
8.788999999999999591e-02 0.000000000000000000e+00 -4.394500000000003959e-02 -7.611497273861429769e-02
8.788999999999999591e-02 0.000000000000000000e+00 -4.394499999999997714e-02 7.611497273861431156e-02
8.788999999999999591e-02 0.000000000000000000e+00 -4.394500000000003959e-02 -7.611497273861429769e-02
7.724652099999998987e-03 0.000000000000000000e+00 -4.394499999999997714e-02 7.611497273861431156e-02
8.788999999999999591e-02 0.000000000000000000e+00 -4.394500000000003959e-02 -7.611497273861429769e-02
-4.394499999999997714e-02 7.611497273861431156e-02 -4.394500000000003959e-02 -7.611497273861429769e-02
-4.394499999999997714e-02 7.611497273861431156e-02 8.788999999999999591e-02 0.000000000000000000e+00
-4.394499999999997714e-02 7.611497273861431156e-02 8.788999999999999591e-02 0.000000000000000000e+00
-4.394500000000003959e-02 -7.611497273861429769e-02 8.788999999999999591e-02 0.000000000000000000e+00
-4.394499999999997714e-02 7.611497273861431156e-02 -4.394500000000003959e-02 -7.611497273861429769e-02
-4.394500000000003959e-02 -7.611497273861429769e-02 -4.394500000000003959e-02 -7.611497273861429769e-02
-4.394499999999997714e-02 7.611497273861431156e-02 -4.394500000000003959e-02 -7.611497273861429769e-02
-4.394500000000003959e-02 -7.611497273861429769e-02 -4.394499999999997714e-02 7.611497273861431156e-02
-4.394499999999997714e-02 7.611497273861431156e-02 -4.394499999999997714e-02 7.611497273861431156e-02
-4.394499999999997714e-02 7.611497273861431156e-02 -4.394500000000003959e-02 -7.611497273861429769e-02
8.788999999999999591e-02 0.000000000000000000e+00 -4.394500000000003959e-02 -7.611497273861429769e-02
-4.394500000000003959e-02 -7.611497273861429769e-02 8.788999999999999591e-02 0.000000000000000000e+00
8.788999999999999591e-02 0.000000000000000000e+00 -4.394499999999997714e-02 7.611497273861431156e-02
8.788999999999999591e-02 0.000000000000000000e+00 -4.394500000000003959e-02 -7.611497273861429769e-02
7.724652099999998987e-03 0.000000000000000000e+00 -4.394500000000003959e-02 -7.611497273861429769e-02
8.788999999999999591e-02 0.000000000000000000e+00 -4.394499999999997714e-02 7.611497273861431156e-02
8.788999999999999591e-02 0.000000000000000000e+00 -4.394500000000003959e-02 -7.611497273861429769e-02
-4.394499999999997714e-02 7.611497273861431156e-02 7.724652099999998987e-03 0.000000000000000000e+00
8.788999999999999591e-02 0.000000000000000000e+00 -4.394500000000003959e-02 -7.611497273861429769e-02
-4.394500000000003959e-02 -7.611497273861429769e-02 -4.394499999999997714e-02 7.611497273861431156e-02
-4.394499999999997714e-02 7.611497273861431156e-02 -4.394500000000003959e-02 -7.611497273861429769e-02
-4.394500000000003959e-02 -7.611497273861429769e-02 -4.394499999999997714e-02 7.611497273861431156e-02
-4.394499999999997714e-02 7.611497273861431156e-02 -4.394500000000003959e-02 -7.611497273861429769e-02
-4.394500000000003959e-02 -7.611497273861429769e-02 -4.394499999999997714e-02 7.611497273861431156e-02
-4.394499999999997714e-02 7.611497273861431156e-02 8.788999999999999591e-02 0.000000000000000000e+00
-4.394500000000003959e-02 -7.611497273861429769e-02 -4.394499999999997714e-02 7.611497273861431156e-02
-4.394500000000003959e-02 -7.611497273861429769e-02 -4.394499999999997714e-02 7.611497273861431156e-02
-4.394499999999997714e-02 7.611497273861431156e-02 -4.394500000000003959e-02 -7.611497273861429769e-02
-4.394500000000003959e-02 -7.611497273861429769e-02 -4.394499999999997714e-02 7.611497273861431156e-02
-4.394499999999997714e-02 7.611497273861431156e-02 -4.394500000000003959e-02 -7.611497273861429769e-02
-4.394499999999997714e-02 7.611497273861431156e-02 -4.394500000000003959e-02 -7.611497273861429769e-02
-4.394499999999997714e-02 7.611497273861431156e-02 8.788999999999999591e-02 0.000000000000000000e+00
-4.394499999999997714e-02 7.611497273861431156e-02 8.788999999999999591e-02 0.000000000000000000e+00
-4.394500000000003959e-02 -7.611497273861429769e-02 8.788999999999999591e-02 0.000000000000000000e+00
8.788999999999999591e-02 0.000000000000000000e+00 -4.394500000000003959e-02 -7.611497273861429769e-02
-4.394499999999997714e-02 7.611497273861431156e-02 -4.394500000000003959e-02 -7.611497273861429769e-02
-4.394499999999997714e-02 7.611497273861431156e-02 -4.394500000000003959e-02 -7.611497273861429769e-02
-4.394500000000003959e-02 -7.611497273861429769e-02 -4.394499999999997714e-02 7.611497273861431156e-02
-4.394499999999997714e-02 7.611497273861431156e-02 8.788999999999999591e-02 0.000000000000000000e+00
8.788999999999999591e-02 0.000000000000000000e+00 -4.394500000000003959e-02 -7.611497273861429769e-02
8.788999999999999591e-02 0.000000000000000000e+00 -4.394500000000003959e-02 -7.611497273861429769e-02
-4.394500000000003959e-02 -7.611497273861429769e-02 -4.394499999999997714e-02 7.611497273861431156e-02
-4.394500000000003959e-02 -7.611497273861429769e-02 -4.394499999999997714e-02 7.611497273861431156e-02
-4.394499999999997714e-02 7.611497273861431156e-02 -4.394500000000003959e-02 -7.611497273861429769e-02
-4.394500000000003959e-02 -7.611497273861429769e-02 -4.394499999999997714e-02 7.611497273861431156e-02
-4.394500000000003959e-02 -7.611497273861429769e-02 -4.394499999999997714e-02 7.611497273861431156e-02
-4.394499999999997714e-02 7.611497273861431156e-02 -4.394500000000003959e-02 -7.611497273861429769e-02
